1022 2040
    0.071948     0.068796     0.442587
    0.038089     0.073071     0.445204
    0.029504     0.040465     0.449020
    0.029504    -0.012346     0.453961
    0.065384    -0.012346     0.450764
    0.138751     0.005175     0.442587
   -0.103709    -0.086405     0.449020
   -0.087028    -0.100924     0.451865
   -0.063503    -0.100924     0.453961
   -0.063503    -0.135095     0.450764
   -0.081420    -0.141208     0.448595
   -0.068382    -0.153626     0.448595
    0.307586     0.091458     0.403994
    0.282305     0.005175     0.421232
    0.650092    -0.162590     0.340316
    0.587491    -0.018655     0.340316
    0.571815    -0.010525     0.343648
    0.283814     0.114098     0.403994
    0.249267     0.115919     0.408849
    0.021186     0.106683     0.437439
    0.179662     0.143378     0.408848
    0.021186     0.154850     0.423558
   -0.327186     0.432135     0.304047
   -0.433619     0.424430     0.294167
   -0.557221     0.375670     0.294167
   -0.509912     0.264132     0.331689
   -0.486160     0.241511     0.340908
   -0.088300     0.276132     0.376161
   -0.245145     0.388502     0.325947
   -0.466086     0.173000     0.354595
   -0.138819    -0.070390     0.441295
   -0.537066     0.201699     0.331689
   -0.092126    -0.177748     0.441295
   -0.091959    -0.180616     0.440872
   -0.068382    -0.174350     0.445358
   -0.097372    -0.193377     0.436579
   -0.061254    -0.207625     0.436579
   -0.051285    -0.208347     0.437505
    0.092037    -0.288784     0.403620
    0.154279    -0.321887     0.387005
    0.203256    -0.318341     0.382459
   -0.012422    -0.239113     0.426918
    0.482543    -0.333574     0.338533
    0.483300    -0.333576     0.338420
    0.727516    -0.320703     0.304102
    0.689855    -0.192162     0.329782
    0.731228    -0.322131     0.302913
    0.734006    -0.321059     0.302278
    0.759691    -0.262002     0.302278
    0.760667    -0.249778     0.303470
    0.690737    -0.192519     0.329497
    0.736517    -0.069504     0.290620
    0.783695    -0.249778     0.292333
    0.780742    -0.209576     0.288291
    0.742238    -0.072722     0.288291
    0.713800    -0.048341     0.295912
    0.446403     0.108478     0.343824
    0.284860     0.143298     0.391818
    0.447148     0.108207     0.343648
    0.257718     0.169726     0.385355
    0.244381     0.191235     0.376161
   -0.375242     0.481149     0.272931
   -0.429600     0.477527     0.267726
   -0.521469     0.454083     0.267726
   -0.571909     0.451423     0.260639
   -0.569617     0.387475     0.287303
   -0.579677     0.456948     0.255428
   -0.646323     0.393475     0.255428
   -0.647150     0.389996     0.256513
   -0.660687     0.377385     0.253360
   -0.595305     0.201699     0.308883
   -0.681909     0.365450     0.244721
   -0.727074     0.204920     0.244721
   -0.712523     0.196903     0.252848
   -0.611271     0.196903     0.301815
   -0.668931     0.041963     0.252848
   -0.662054    -0.076290     0.235402
   -0.643779    -0.107032     0.237323
   -0.467154    -0.271573     0.278463
   -0.403080    -0.286632     0.300988
   -0.273971    -0.282435     0.352259
   -0.269746    -0.281544     0.354066
   -0.129768    -0.224230     0.418639
   -0.388033    -0.300962     0.300988
   -0.362183    -0.306534     0.308668
   -0.113058    -0.225112     0.420987
   -0.074365    -0.234986     0.420987
    0.172921    -0.340900     0.374935
    0.197801    -0.352547     0.365796
    0.536131    -0.335655     0.328996
    0.731344    -0.325357     0.301567
    0.754655    -0.341938     0.285930
    0.757431    -0.341340     0.285106
    0.777249    -0.322464     0.285106
    0.781795    -0.321396     0.283508
    0.783654    -0.321485     0.282596
    0.799799    -0.264100     0.282596
    0.809006    -0.135029     0.255744
    0.800003    -0.264148     0.282453
    0.828320    -0.264148     0.261426
    0.823710    -0.205432     0.255744
    0.804558    -0.075200     0.247557
    0.722588     0.044948     0.245995
    0.722102     0.044805     0.246389
    0.810372    -0.067465     0.239999
    0.735247     0.039613     0.239999
    0.243628     0.208408     0.364375
    0.312948     0.193404     0.343824
   -0.041813     0.458428     0.241399
   -0.153710     0.592574     0.153339
   -0.365645     0.632723     0.153339
   -0.373535     0.633285     0.154066
   -0.375242     0.631213     0.155934
   -0.533863     0.601164     0.155934
   -0.575540     0.551201     0.188732
   -0.580470     0.529411     0.204992
   -0.584015     0.521876     0.209594
   -0.586440     0.466549     0.247566
   -0.626441     0.494878     0.209594
   -0.637678     0.470692     0.221621
   -0.651990     0.457061     0.221621
   -0.682316     0.444281     0.207259
   -0.739222     0.363171     0.207259
   -0.758843     0.354798     0.195847
   -0.782996     0.329787     0.184532
   -0.783502     0.322974     0.185464
   -0.739814     0.207747     0.235773
   -0.727980     0.204920     0.244122
   -0.800601     0.241105     0.185464
   -0.802737     0.213910     0.188096
   -0.796942     0.207747     0.193355
   -0.793269     0.160965     0.188827
   -0.775998     0.078273     0.188827
   -0.773052     0.038651     0.183406
   -0.637676    -0.132605     0.229362
   -0.508907    -0.316144     0.229362
   -0.470109    -0.304733     0.260833
   -0.460911    -0.306854     0.264086
   -0.410085    -0.339197     0.264086
   -0.219586    -0.284927     0.360602
    0.017420    -0.329826     0.360602
    0.442387    -0.561134     0.167048
    0.442797    -0.561105     0.167010
    0.615181    -0.528449     0.167010
    0.683120    -0.471876     0.201082
    0.738653    -0.405302     0.244785
    0.752923    -0.381454     0.258810
    0.743841    -0.400758     0.247020
    0.802099    -0.350160     0.258810
    0.796122    -0.344467     0.265514
    0.794703    -0.328544     0.273980
    0.804948    -0.350998     0.256499
    0.808326    -0.349574     0.254899
    0.823895    -0.327383     0.254899
    0.823966    -0.327353     0.254858
    0.827899    -0.326546     0.252062
    0.838639    -0.275123     0.252062
    0.847455    -0.135985     0.216833
    0.839972    -0.275410     0.250646
    0.866694    -0.275410     0.221186
    0.862486    -0.226369     0.216833
    0.841298    -0.067432     0.208531
    0.815304    -0.064972     0.234452
    0.822836     0.015724     0.181195
    0.854460    -0.043949     0.181511
    0.854170    -0.042844     0.181195
    0.817562     0.034494     0.174640
    0.791964     0.091238     0.145772
    0.714346     0.165160     0.145772
    0.817929     0.035727     0.173229
    0.674491     0.224015     0.116576
    0.692947     0.208242     0.120086
    0.554340     0.370794     0.019000
    0.490364     0.413432     0.006215
   -0.034157     0.667963     0.006214
   -0.147358     0.694909     0.037079
   -0.163527     0.686689     0.054798
    0.597099     0.328870     0.042353
   -0.185787     0.688502     0.057365
   -0.268211     0.700935     0.057365
   -0.347048     0.707071     0.064028
   -0.371137     0.691623     0.086118
   -0.373688     0.689473     0.089051
   -0.373688     0.633931     0.153345
   -0.458972     0.676609     0.089051
   -0.472648     0.664622     0.100539
   -0.513276     0.635404     0.123526
   -0.533026     0.609194     0.147526
   -0.577249     0.587734     0.147526
   -0.602527     0.553486     0.171769
   -0.623661     0.535426     0.175789
   -0.636600     0.529936     0.169694
   -0.729627     0.441339     0.169694
   -0.747860     0.433125     0.159341
   -0.764505     0.415458     0.155812
   -0.774257     0.408930     0.149238
   -0.818106     0.326969     0.149238
   -0.817838     0.326490     0.149789
   -0.820325     0.298792     0.153143
   -0.828368     0.250429     0.153143
   -0.830702     0.223229     0.155557
   -0.824114     0.213910     0.164529
   -0.818693     0.150745     0.158924
   -0.811517     0.107593     0.158924
   -0.805602     0.041731     0.150947
   -0.808539     0.036491     0.144918
   -0.789544    -0.035887     0.124198
   -0.679438    -0.241692     0.124198
   -0.649716    -0.261590     0.144235
   -0.609616    -0.304152     0.152736
   -0.591152    -0.312470     0.163219
   -0.510327    -0.317496     0.227396
   -0.526006    -0.374514     0.163219
   -0.524602    -0.375110     0.163881
   -0.508066    -0.350468     0.199907
   -0.411825    -0.342319     0.260400
   -0.523992    -0.375936     0.163296
   -0.402150    -0.435061     0.163296
   -0.386951    -0.455233     0.144826
   -0.372895    -0.481085     0.117354
   -0.293722    -0.550477     0.050852
   -0.271092    -0.563822     0.039356
   -0.265810    -0.566141     0.037594
    0.055047    -0.614539     0.037594
    0.398492    -0.641270     0.066621
    0.437272    -0.616399     0.102182
    0.442387    -0.612089     0.108064
    0.519863    -0.600402     0.108064
    0.523157    -0.598460     0.109738
    0.533634    -0.589277     0.118538
    0.611588    -0.533216     0.162645
    0.745637    -0.441539     0.201082
    0.773861    -0.403299     0.228151
    0.803074    -0.378335     0.233707
    0.836149    -0.347844     0.232808
    0.812579    -0.374302     0.229230
    0.838718    -0.349408     0.229230
    0.834471    -0.329867     0.244672
    0.857835    -0.327657     0.221373
    0.849408    -0.348897     0.218289
    0.860570    -0.328033     0.218289
    0.862421    -0.327120     0.216416
    0.870197    -0.280364     0.216416
    0.889801    -0.124276     0.146709
    0.875584    -0.281550     0.207576
    0.902821    -0.281550     0.161472
    0.908161    -0.272156     0.150233
    0.903998    -0.226977     0.146709
    0.882147    -0.048573     0.138896
    0.857296     0.022571     0.128785
    0.884551    -0.040592     0.129144
    0.884144    -0.039161     0.128785
    0.855551     0.028196     0.127048
    0.836935     0.068220     0.107096
    0.787170     0.129987     0.107096
    0.855780     0.030496     0.123999
    0.729842     0.204102     0.085015
    0.765145     0.170479     0.085015
    0.678494     0.269387     0.042353
    0.686334     0.261184     0.046154
    0.307221     0.536615    -0.043312
    0.112486     0.636469    -0.051043
   -0.004056     0.669267    -0.016754
    0.392497     0.482704    -0.025226
   -0.045232     0.685511    -0.016753
   -0.138393     0.709515     0.005461
   -0.149489     0.706483     0.018373
   -0.219059     0.712863     0.025212
   -0.253527     0.717185     0.025212
   -0.331317     0.723687     0.030990
   -0.347048     0.717196     0.046033
   -0.352142     0.716770     0.045655
   -0.419082     0.708377     0.045655
   -0.425146     0.704729     0.050787
   -0.444976     0.694092     0.063498
   -0.457683     0.683604     0.077745
   -0.509086     0.663326     0.077745
   -0.539001     0.636519     0.103897
   -0.571570     0.613467     0.114360
   -0.582484     0.608521     0.109702
   -0.699711     0.522853     0.109702
   -0.739166     0.503388     0.089211
   -0.741503     0.503075     0.086160
   -0.756192     0.492921     0.076636
   -0.826174     0.406062     0.076636
   -0.825447     0.398774     0.086293
   -0.825300     0.398711     0.086582
   -0.821953     0.328667     0.142700
   -0.848352     0.346109     0.086293
   -0.842085     0.325305     0.111713
   -0.843817     0.308171     0.113481
   -0.849660     0.265903     0.113481
   -0.851369     0.247361     0.114928
   -0.840390     0.223229     0.139158
   -0.834215     0.156224     0.133932
   -0.828428     0.114360     0.133932
   -0.820761     0.038532     0.126106
   -0.827123     0.017415     0.100303
   -0.808807    -0.047059     0.084161
   -0.791932    -0.085860     0.084161
   -0.771554    -0.151535     0.063871
   -0.711706    -0.228228     0.089741
   -0.698996    -0.237777     0.100190
   -0.611818    -0.345980     0.100190
   -0.603750    -0.351557     0.105421
   -0.586811    -0.367690     0.105421
   -0.580669    -0.375747     0.099935
   -0.513142    -0.425095     0.099935
   -0.505980    -0.433741     0.092472
   -0.435275    -0.483788     0.069757
   -0.413649    -0.503167     0.050852
   -0.204954    -0.598786    -0.001415
   -0.198198    -0.601398    -0.004062
   -0.161390    -0.612983    -0.014090
    0.000341    -0.627815     0.001807
    0.100765    -0.640407     0.001807
    0.348718    -0.661132     0.020226
    0.357444    -0.659882     0.024393
    0.397274    -0.643446     0.062482
    0.398492    -0.642818     0.063869
    0.467774    -0.634131     0.063869
    0.480011    -0.626770     0.074224
    0.502588    -0.614659     0.088696
    0.585671    -0.573798     0.109738
    0.630065    -0.534017     0.148547
    0.742845    -0.454189     0.184778
    0.751201    -0.450403     0.181212
    0.856302    -0.373597     0.181212
    0.852355    -0.369838     0.191420
    0.854475    -0.352701     0.208525
    0.860429    -0.373045     0.175823
    0.877324    -0.352076     0.175823
    0.871049    -0.349383     0.188181
    0.870148    -0.330531     0.203285
    0.882667    -0.349710     0.168662
    0.892172    -0.327856     0.168662
    0.887895    -0.327567     0.175968
    0.897047    -0.323316     0.161472
    0.908170    -0.272158     0.150209
    0.927197    -0.272158     0.093459
    0.930167    -0.260650     0.080538
    0.934814    -0.238524     0.058871
    0.929060    -0.178742     0.054939
    0.921471    -0.114593     0.054939
    0.907436    -0.047723     0.068259
    0.916703    -0.070348     0.051190
    0.909416    -0.051542     0.064221
    0.881387     0.016838     0.075255
    0.886829     0.008365     0.068259
    0.878952     0.020884     0.076928
    0.872802     0.032621     0.072471
    0.830143     0.097280     0.072471
    0.776018     0.166669     0.068760
    0.816824     0.120173     0.061792
    0.745672     0.204672     0.046154
    0.646629     0.304925     0.015555
    0.567348     0.368036     0.004240
    0.528847     0.401109    -0.025226
    0.087448     0.650136    -0.060906
   -0.028037     0.684743    -0.032408
   -0.065303     0.697162    -0.032408
   -0.127803     0.714036    -0.019934
   -0.139831     0.713702    -0.006235
   -0.221576     0.721691     0.000363
   -0.259902     0.725804     0.000363
   -0.324924     0.731481     0.004436
   -0.331317     0.730263     0.010398
   -0.335592     0.729890     0.010131
   -0.397821     0.723212     0.010131
   -0.399426     0.723055     0.010001
   -0.409416     0.719544     0.016594
   -0.416369     0.716274     0.023594
   -0.462453     0.700917     0.023594
   -0.476594     0.692680     0.034713
   -0.502006     0.678808     0.044723
   -0.519210     0.670631     0.038502
   -0.645229     0.595219     0.038502
   -0.691713     0.570691     0.017850
   -0.725892     0.543482     0.022729
   -0.745111     0.529563     0.011841
   -0.799532     0.477733     0.011841
   -0.803794     0.474267     0.008780
   -0.812732     0.464082     0.007254
   -0.813715     0.462394     0.008042
   -0.826787     0.406465     0.074681
   -0.843478     0.417281     0.008042
   -0.846779     0.410982     0.010433
   -0.848869     0.398886     0.026908
   -0.846595     0.398249     0.034444
   -0.849145     0.346453     0.083957
   -0.861041     0.365756     0.026908
   -0.860343     0.342964     0.054164
   -0.860875     0.338034     0.054582
   -0.866319     0.292015     0.054582
   -0.867020     0.284733     0.055060
   -0.859171     0.247361     0.091658
   -0.855297     0.207118     0.089011
   -0.842768     0.101213     0.089011
   -0.833969     0.019548     0.082090
   -0.834717    -0.004903     0.052850
   -0.826098    -0.033860     0.046781
   -0.806882    -0.086161     0.046781
   -0.789478    -0.138839     0.033132
   -0.785259    -0.145850     0.036032
   -0.782580    -0.150962     0.034091
   -0.706377    -0.266463     0.034091
   -0.701505    -0.271869     0.037741
   -0.663087    -0.321124     0.035105
   -0.648201    -0.333230     0.045795
   -0.572374    -0.405446     0.045795
   -0.567960    -0.408643     0.048296
   -0.547485    -0.424942     0.045373
   -0.544324    -0.427658     0.042954
   -0.427140    -0.497783     0.042954
   -0.413048    -0.504481     0.048050
   -0.307298    -0.562205     0.006394
   -0.297367    -0.567990    -0.001415
   -0.132100    -0.623276    -0.033420
    0.077189    -0.643731    -0.016527
    0.141350    -0.650616    -0.016527
    0.321402    -0.666336    -0.005250
    0.359682    -0.659687     0.024253
    0.437646    -0.651320     0.024253
    0.441952    -0.649746     0.027736
    0.454005    -0.645510     0.035690
    0.465765    -0.639980     0.047531
    0.508475    -0.625747     0.047531
    0.529578    -0.613454     0.064125
    0.572435    -0.590060     0.081007
    0.581217    -0.583537     0.088966
    0.812925    -0.444879     0.088966
    0.824611    -0.434840     0.097909
    0.836641    -0.425264     0.099626
    0.849692    -0.410709     0.110601
    0.863217    -0.375700     0.165558
    0.885736    -0.376381     0.110601
    0.887274    -0.372580     0.116405
    0.882099    -0.369083     0.137328
    0.886099    -0.351970     0.157718
    0.903731    -0.347635     0.116405
    0.899445    -0.346434     0.130607
    0.900509    -0.324822     0.151267
    0.907774    -0.343401     0.108933
    0.916338    -0.320092     0.108933
    0.915625    -0.320112     0.111051
    0.922174    -0.309528     0.095254
    0.923026    -0.307414     0.093459
    0.936816    -0.238524     0.040486
    0.936816    -0.213350     0.016570
    0.929060    -0.138353     0.016570
    0.925848    -0.109250     0.014713
    0.922278    -0.079070     0.014713
    0.921201    -0.074382     0.018903
    0.901188    -0.011667     0.019278
    0.901323    -0.011973     0.018903
    0.896030    -0.000974     0.027879
    0.862964     0.057943     0.027879
    0.860137     0.062673     0.029636
    0.828604     0.110468     0.029636
    0.818886     0.122875     0.020472
    0.736986     0.217919     0.020472
    0.700501     0.257305    -0.003481
    0.656939     0.298793    -0.003481
    0.602280     0.344718    -0.035140
    0.525705     0.404568    -0.035140
    0.468187     0.445431    -0.075599
    0.331005     0.527523    -0.075599
    0.293364     0.547928    -0.088913
    0.100829     0.645940    -0.088913
    0.083812     0.653385    -0.075878
    0.000083     0.681288    -0.075878
   -0.030231     0.690598    -0.070055
   -0.107546     0.712934    -0.070055
   -0.131683     0.717960    -0.049514
   -0.199798     0.725270    -0.049514
   -0.205133     0.725804    -0.049190
   -0.310050     0.735645    -0.049190
   -0.324924     0.735645    -0.035732
   -0.371652     0.731262    -0.035732
   -0.381590     0.730267    -0.035128
   -0.383519     0.729890    -0.033232
   -0.395041     0.727490    -0.023427
   -0.431545     0.716944    -0.023427
   -0.437620     0.715079    -0.022260
   -0.441445     0.713549    -0.017785
   -0.454909     0.707659    -0.007471
   -0.553075     0.657686    -0.007471
   -0.554874     0.656711    -0.008107
   -0.683486     0.579747    -0.008107
   -0.701005     0.567301    -0.020430
   -0.762589     0.519167    -0.020430
   -0.778233     0.506023    -0.029491
   -0.790849     0.494007    -0.029491
   -0.794129     0.490467    -0.031644
   -0.826982     0.452342    -0.031644
   -0.827795     0.451304    -0.032410
   -0.827909     0.451131    -0.032410
   -0.832330     0.443733    -0.029663
   -0.848750     0.414477    -0.029663
   -0.850344     0.411172    -0.027004
   -0.853255     0.404568    -0.018893
   -0.853089     0.404578    -0.017255
   -0.861093     0.365789     0.026464
   -0.865671     0.361683    -0.006396
   -0.862476     0.375616    -0.018893
   -0.865597     0.362023    -0.006747
   -0.866319     0.355808    -0.006021
   -0.872171     0.284733     0.007737
   -0.872171     0.299216    -0.006021
   -0.855297     0.122979     0.009079
   -0.857619     0.144013     0.007737
   -0.840815     0.000565     0.009079
   -0.834214    -0.027864    -0.015576
   -0.814682    -0.089186    -0.015576
   -0.834631    -0.026370    -0.014989
   -0.803012    -0.123652    -0.022528
   -0.802162    -0.125966    -0.022528
   -0.787624    -0.156106    -0.046770
   -0.758673    -0.207691    -0.046770
   -0.741856    -0.235827    -0.057220
   -0.726328    -0.259363    -0.057220
   -0.718316    -0.265964    -0.035349
   -0.722913    -0.263724    -0.060440
   -0.655855    -0.341543    -0.060440
   -0.639619    -0.359070    -0.049781
   -0.637037    -0.361529    -0.045423
   -0.663251    -0.321554     0.032079
   -0.614803    -0.380211    -0.032545
   -0.552896    -0.428597    -0.032545
   -0.526321    -0.447476    -0.013852
   -0.468986    -0.481787    -0.013852
   -0.463557    -0.484730    -0.015772
   -0.293880    -0.571105    -0.015772
   -0.254223    -0.588456    -0.046150
   -0.237407    -0.594060    -0.046150
   -0.226171    -0.597510    -0.048308
   -0.130147    -0.625252    -0.048308
   -0.123514    -0.626633    -0.053953
    0.049735    -0.645224    -0.053953
    0.103602    -0.650616    -0.050680
    0.286193    -0.667743    -0.050680
    0.321402    -0.667743    -0.018825
    0.380921    -0.662160    -0.018825
    0.405635    -0.659687    -0.017323
    0.419086    -0.658243    -0.017323
    0.433839    -0.655171    -0.004768
    0.478964    -0.642134    -0.004768
    0.489764    -0.638817    -0.002694
    0.496278    -0.636647    -0.002694
    0.498233    -0.635791    -0.004191
    0.609442    -0.579180    -0.004191
    0.629871    -0.568105     0.003035
    0.758256    -0.491277     0.003035
    0.793563    -0.466194     0.027870
    0.864003    -0.408990     0.049105
    0.836510    -0.432626     0.027870
    0.859213    -0.413551     0.041020
    0.868404    -0.404238     0.051994
    0.886331    -0.376900     0.104995
    0.894811    -0.373593     0.051994
    0.897844    -0.369722     0.054854
    0.899655    -0.367153     0.058631
    0.898586    -0.366803     0.071541
    0.908288    -0.343782     0.104355
    0.917711    -0.334983     0.058631
    0.916912    -0.335029     0.066511
    0.919931    -0.329947     0.052445
    0.928740    -0.302290     0.052445
    0.930167    -0.296071     0.046888
    0.931505    -0.289875     0.040492
    0.931515    -0.289778     0.040486
    0.932041    -0.213350    -0.027290
    0.925848    -0.183861    -0.056167
    0.925425    -0.182222    -0.058007
    0.912801    -0.075519    -0.058007
    0.912922    -0.071585    -0.053302
    0.913512    -0.071209    -0.048208
    0.901288    -0.011971     0.018559
    0.891342    -0.012850    -0.053302
    0.889043     0.000457    -0.035178
    0.879580     0.018516    -0.028321
    0.824087     0.102627    -0.028321
    0.806251     0.133285    -0.014019
    0.709645     0.243361    -0.030516
    0.673319     0.272905    -0.056603
    0.590655     0.351632    -0.056603
    0.527843     0.397125    -0.092188
    0.470867     0.442481    -0.084056
    0.400791     0.479458    -0.115189
    0.274009     0.555327    -0.115188
    0.196473     0.593362    -0.130555
    0.101895     0.644988    -0.093300
    0.228047     0.577172    -0.131809
    0.068339     0.655043    -0.101580
   -0.023861     0.685769    -0.101580
   -0.047641     0.692189    -0.106326
   -0.074821     0.700744    -0.098922
   -0.106502     0.711878    -0.078014
   -0.187296     0.719774    -0.084535
   -0.238505     0.725270    -0.084535
   -0.299354     0.730582    -0.088346
   -0.310050     0.732620    -0.078371
   -0.325601     0.731262    -0.077397
   -0.359099     0.727667    -0.077397
   -0.379663     0.725657    -0.075738
   -0.385975     0.725833    -0.068549
   -0.390315     0.724661    -0.067683
   -0.443563     0.706916    -0.067683
   -0.448363     0.705478    -0.066499
   -0.489332     0.683114    -0.082637
   -0.503836     0.676221    -0.077392
   -0.701734     0.557795    -0.077393
   -0.716919     0.549782    -0.070646
   -0.753143     0.520946    -0.075816
   -0.753280     0.520793    -0.075932
   -0.809014     0.467713    -0.075932
   -0.809090     0.467651    -0.075877
   -0.812949     0.463536    -0.072937
   -0.809582     0.467090    -0.075793
   -0.838184     0.426749    -0.067166
   -0.834708     0.430556    -0.072937
   -0.835662     0.429390    -0.071828
   -0.841041     0.422301    -0.063494
   -0.855436     0.386496    -0.054815
   -0.851180     0.394705    -0.063494
   -0.858253     0.379404    -0.049209
   -0.856471     0.383826    -0.052965
   -0.865597     0.317325    -0.049209
   -0.869292     0.299216    -0.032473
   -0.865689     0.316371    -0.049272
   -0.857619     0.177944    -0.024498
   -0.846721     0.085829    -0.024498
   -0.809749    -0.091002    -0.059327
   -0.804994    -0.100173    -0.069022
   -0.782553    -0.161252    -0.069022
   -0.753446    -0.208328    -0.096417
   -0.770201    -0.180486    -0.084902
   -0.703858    -0.279424    -0.112457
   -0.739643    -0.225184    -0.112457
   -0.677706    -0.308220    -0.125044
   -0.691875    -0.292076    -0.122625
   -0.601408    -0.381798    -0.120335
   -0.675125    -0.310320    -0.126898
   -0.609212    -0.373094    -0.126898
   -0.579739    -0.399047    -0.117242
   -0.539255    -0.420409    -0.135228
   -0.375562    -0.518367    -0.135228
   -0.348785    -0.531093    -0.144911
   -0.328555    -0.541467    -0.144108
   -0.272665    -0.571974    -0.122092
   -0.256279    -0.576884    -0.126135
   -0.153667    -0.611080    -0.126135
   -0.131199    -0.618860    -0.112541
   -0.152232    -0.611468    -0.126422
    0.125274    -0.645224    -0.122298
   -0.010309    -0.630675    -0.122298
    0.255008    -0.660613    -0.091237
    0.286193    -0.666554    -0.062154
    0.182467    -0.650217    -0.125880
    0.336515    -0.662160    -0.059002
    0.423229    -0.654053    -0.048900
    0.361205    -0.659511    -0.059002
    0.418413    -0.653920    -0.054384
    0.441191    -0.649204    -0.045315
    0.499428    -0.629796    -0.045315
    0.507722    -0.627311    -0.043268
    0.545783    -0.606535    -0.058261
    0.578264    -0.591097    -0.046515
    0.694227    -0.521703    -0.046515
    0.764119    -0.484823    -0.015464
    0.796979    -0.458665    -0.020154
    0.816485    -0.444537    -0.009103
    0.872851    -0.392754     0.000699
    0.863340    -0.399914    -0.009103
    0.869546    -0.394866    -0.004646
    0.877450    -0.387898     0.004602
    0.911357    -0.337657     0.009149
    0.910846    -0.337280     0.004602
    0.918894    -0.330007     0.042227
    0.926193    -0.294638     0.002363
    0.912127    -0.329863    -0.005499
    0.925282    -0.294058    -0.005499
    0.931515    -0.218814    -0.026930
    0.924734    -0.276137    -0.026930
    0.907386    -0.182222    -0.111811
    0.904988    -0.181564    -0.118730
    0.898511    -0.167328    -0.133024
    0.912785    -0.075519    -0.058055
    0.894674    -0.160580    -0.141098
    0.883637    -0.080733    -0.141098
    0.887134    -0.069124    -0.126913
    0.889274    -0.068193    -0.120605
    0.886615    -0.014175    -0.068967
    0.860691    -0.008326    -0.126913
    0.859571    -0.004714    -0.125797
    0.859739    -0.003026    -0.123561
    0.839147     0.038195    -0.105091
    0.649001     0.274198    -0.105091
    0.644144     0.283129    -0.100221
    0.529820     0.392008    -0.100221
    0.469194     0.421918    -0.131708
    0.386233     0.482544    -0.131708
    0.318158     0.513390    -0.160757
    0.195264     0.593702    -0.130911
    0.036122     0.656482    -0.130911
    0.013399     0.662337    -0.136329
   -0.008922     0.671419    -0.131145
   -0.157692     0.708344    -0.107067
   -0.216270     0.715689    -0.107067
   -0.293012     0.722103    -0.112768
   -0.299354     0.724720    -0.106703
   -0.323745     0.722682    -0.104892
   -0.382977     0.716012    -0.102682
   -0.360499     0.718073    -0.104892
   -0.396508     0.709017    -0.110523
   -0.395561     0.709261    -0.110748
   -0.495312     0.670040    -0.110522
   -0.608535     0.588805    -0.150110
   -0.655201     0.567660    -0.130196
   -0.501124     0.664832    -0.115604
   -0.736958     0.507913    -0.130196
   -0.763272     0.494931    -0.116530
   -0.784609     0.476266    -0.112418
   -0.778268     0.480649    -0.116530
   -0.815897     0.440073    -0.107984
   -0.811062     0.443432    -0.112418
   -0.815012     0.440465    -0.109171
   -0.818767     0.437168    -0.105318
   -0.837147     0.399233    -0.100656
   -0.833544     0.403193    -0.105318
   -0.837260     0.399043    -0.100527
   -0.847116     0.323654    -0.102100
   -0.838800     0.383810    -0.102100
   -0.847787     0.316371    -0.102668
   -0.826867     0.213527    -0.128773
   -0.833439     0.284833    -0.134334
   -0.803548     0.044834    -0.128773
   -0.788362    -0.105355    -0.113272
   -0.772587    -0.132028    -0.131224
   -0.728103    -0.229971    -0.135898
   -0.768974    -0.135999    -0.135898
   -0.698400    -0.264160    -0.155887
   -0.713715    -0.244535    -0.149267
   -0.694396    -0.267168    -0.159179
   -0.653533    -0.317886    -0.159179
   -0.616071    -0.355341    -0.154767
   -0.650344    -0.320091    -0.161246
   -0.623325    -0.345823    -0.161246
   -0.522037    -0.424060    -0.154767
   -0.447456    -0.461253    -0.176609
   -0.473749    -0.445939    -0.175372
   -0.300199    -0.549447    -0.152451
   -0.227374    -0.578175    -0.152451
   -0.194771    -0.586576    -0.160225
   -0.193370    -0.587146    -0.159899
   -0.153181    -0.608705    -0.134139
    0.017621    -0.626736    -0.144019
   -0.052661    -0.617924    -0.144019
    0.182352    -0.650170    -0.125990
    0.127156    -0.635892    -0.152156
    0.326592    -0.654630    -0.085920
    0.344640    -0.652367    -0.085920
    0.421364    -0.645330    -0.078378
    0.440154    -0.635250    -0.090423
    0.453333    -0.631855    -0.087281
    0.552005    -0.592930    -0.087281
    0.567720    -0.578847    -0.101019
    0.628882    -0.535556    -0.120667
    0.812840    -0.417610    -0.084602
    0.635537    -0.527521    -0.127604
    0.776179    -0.424742    -0.127604
    0.793344    -0.416273    -0.118688
    0.809208    -0.414151    -0.097974
    0.871391    -0.336971    -0.097974
    0.877049    -0.334466    -0.090392
    0.882781    -0.338240    -0.072116
    0.906664    -0.328333    -0.023601
    0.901963    -0.277183    -0.090392
    0.909031    -0.280257    -0.069559
    0.921999    -0.276216    -0.035058
    0.894976    -0.253990    -0.118730
    0.867375    -0.160580    -0.187308
    0.863524    -0.155134    -0.192551
    0.883426    -0.080747    -0.141457
    0.861827    -0.153307    -0.194757
    0.850366    -0.084393    -0.194757
    0.853989    -0.077929    -0.187320
    0.857438    -0.076407    -0.181458
    0.809451     0.005320    -0.187320
    0.808143     0.006195    -0.188201
    0.690197     0.131381    -0.213205
    0.658211     0.199766    -0.179382
    0.419041     0.427547    -0.179381
    0.401233     0.435102    -0.187770
    0.320142     0.504400    -0.172345
    0.260033     0.519720    -0.192334
    0.114765     0.590214    -0.192334
    0.113157     0.590596    -0.192772
   -0.088799     0.677926    -0.140358
   -0.208583     0.695994    -0.140358
   -0.275454     0.701199    -0.146010
   -0.293012     0.712460    -0.129908
   -0.326595     0.709846    -0.127070
   -0.397110     0.700849    -0.124344
   -0.373471     0.702775    -0.127070
   -0.450258     0.662627    -0.154416
   -0.601236     0.588586    -0.155538
   -0.609021     0.586601    -0.152949
   -0.450722     0.662012    -0.154979
   -0.452540     0.660743    -0.155538
   -0.685252     0.524649    -0.162545
   -0.720290     0.509784    -0.146040
   -0.671223     0.533445    -0.164782
   -0.781086     0.457876    -0.139259
   -0.769144     0.463256    -0.146040
   -0.791677     0.447313    -0.136214
   -0.789946     0.448472    -0.137381
   -0.813424     0.407237    -0.135793
   -0.812941     0.407567    -0.136214
   -0.814049     0.406449    -0.135325
   -0.817667     0.366163    -0.140204
   -0.823958     0.328335    -0.140204
   -0.827690     0.284833    -0.144064
   -0.783159     0.192662    -0.197876
   -0.778505     0.138433    -0.193063
   -0.809139     0.258596    -0.169326
   -0.786170     0.202501    -0.195081
   -0.740929    -0.140683    -0.179066
   -0.751309    -0.025102    -0.193063
   -0.710848    -0.184529    -0.197342
   -0.713164    -0.175700    -0.199870
   -0.663722    -0.272614    -0.197342
   -0.663515    -0.273350    -0.197085
   -0.654514    -0.286388    -0.194885
   -0.657750    -0.279469    -0.198307
   -0.587937    -0.349794    -0.194885
   -0.584597    -0.351211    -0.196458
   -0.256316    -0.547545    -0.185934
   -0.419414    -0.468400    -0.185934
   -0.245447    -0.550132    -0.188898
   -0.140945    -0.591417    -0.165946
   -0.019141    -0.609790    -0.165946
    0.101988    -0.619751    -0.175235
    0.100169    -0.619076    -0.176030
    0.298376    -0.641140    -0.116184
    0.338445    -0.635096    -0.116184
    0.441732    -0.626682    -0.104271
    0.511628    -0.576416    -0.143819
    0.522253    -0.562316    -0.156730
    0.640525    -0.504923    -0.156730
    0.666838    -0.469272    -0.181966
    0.709966    -0.432417    -0.190170
    0.710745    -0.432086    -0.189802
    0.792998    -0.353750    -0.189802
    0.798745    -0.351161    -0.186539
    0.801417    -0.351033    -0.183804
    0.801989    -0.350650    -0.183419
    0.871051    -0.336825    -0.098645
    0.854572    -0.252363    -0.183419
    0.867283    -0.257974    -0.161818
    0.892242    -0.253806    -0.123401
    0.853367    -0.250213    -0.185893
    0.854402    -0.238692    -0.187289
    0.867356    -0.160793    -0.187289
    0.829004    -0.153307    -0.230944
    0.826117    -0.150236    -0.233563
    0.848544    -0.084644    -0.196813
    0.824267    -0.148854    -0.235151
    0.810097    -0.081006    -0.235151
    0.807833    -0.079294    -0.236566
    0.800839    -0.072051    -0.239842
    0.766713    -0.057488    -0.259692
    0.631650     0.135022    -0.259693
    0.628575     0.136318    -0.261149
    0.407267     0.347088    -0.261149
    0.401742     0.348361    -0.263103
    0.147443     0.510187    -0.263103
    0.141681     0.511435    -0.264811
    0.119377     0.530971    -0.255202
    0.073556     0.534061    -0.261174
   -0.103007     0.567509    -0.261173
   -0.217137     0.635115    -0.212055
   -0.219112     0.637512    -0.209894
   -0.275454     0.685561    -0.164112
   -0.310026     0.683098    -0.160925
   -0.405091     0.665089    -0.160925
   -0.539719     0.592496    -0.184149
   -0.570001     0.585941    -0.175171
   -0.515619     0.605491    -0.182715
   -0.641852     0.540218    -0.175171
   -0.753508     0.464229    -0.158455
   -0.744871     0.467868    -0.162545
   -0.786965     0.416541    -0.158455
   -0.793507     0.409406    -0.155593
   -0.787080     0.416062    -0.158604
   -0.797436     0.356567    -0.162823
   -0.803863     0.325792    -0.162823
   -0.723540     0.056113    -0.238567
   -0.725488     0.080924    -0.240969
   -0.678215    -0.179007    -0.234721
   -0.680305    -0.150893    -0.238567
   -0.663288    -0.194465    -0.241713
   -0.658356    -0.215131    -0.235280
   -0.614969    -0.282129    -0.232276
   -0.617025    -0.274042    -0.235280
   -0.587543    -0.308249    -0.232276
   -0.332983    -0.461082    -0.240261
   -0.564970    -0.313454    -0.240261
   -0.247826    -0.527328    -0.212774
   -0.320331    -0.463820    -0.244011
   -0.205510    -0.530182    -0.218289
   -0.042854    -0.560996    -0.218288
    0.038892    -0.566818    -0.225823
    0.254049    -0.608922    -0.161219
    0.522700    -0.558028    -0.161219
    0.535613    -0.542549    -0.171380
    0.623463    -0.465600    -0.209229
    0.631285    -0.448976    -0.219382
    0.712368    -0.397378    -0.219382
    0.721918    -0.376822    -0.229603
    0.742871    -0.356867    -0.229603
    0.745213    -0.347657    -0.233024
    0.792170    -0.280727    -0.233024
    0.794362    -0.271543    -0.235883
    0.811098    -0.254212    -0.228043
    0.812199    -0.239402    -0.230070
    0.828295    -0.162336    -0.230070
    0.793361    -0.148854    -0.258100
    0.786151    -0.142442    -0.262458
    0.785784    -0.137448    -0.261956
    0.764739    -0.062645    -0.261956
    0.764434    -0.057397    -0.261182
    0.720138    -0.016132    -0.271500
    0.629249     0.086509    -0.284193
    0.625530     0.102157    -0.279311
    0.369732     0.345774    -0.279311
    0.352472     0.349494    -0.284439
    0.179531     0.444021    -0.295401
    0.143080     0.479511    -0.286721
    0.072163     0.483252    -0.296686
   -0.011848     0.504690    -0.296686
   -0.043482     0.506798    -0.299715
   -0.301571     0.629489    -0.203971
   -0.364339     0.613471    -0.203971
   -0.582047     0.551284    -0.194228
   -0.635693     0.539720    -0.178290
   -0.742232     0.438254    -0.178290
   -0.762698     0.417031    -0.174541
   -0.742891     0.435483    -0.179154
   -0.766666     0.348793    -0.184608
   -0.778517     0.306671    -0.184608
   -0.626583    -0.009200    -0.300431
   -0.638037     0.003153    -0.293842
   -0.615089    -0.017893    -0.306412
   -0.575446    -0.158796    -0.306412
   -0.600007    -0.190117    -0.284352
   -0.610121    -0.196579    -0.276465
   -0.477894    -0.306415    -0.284352
   -0.321856    -0.429039    -0.267883
   -0.434423    -0.315785    -0.297267
   -0.327572    -0.419820    -0.271823
   -0.086240    -0.489165    -0.267883
    0.038892    -0.497503    -0.279864
    0.254438    -0.445853    -0.288297
    0.078006    -0.457609    -0.305190
    0.633120    -0.407096    -0.248125
    0.347216    -0.422177    -0.288297
    0.687502    -0.374040    -0.247030
    0.661262    -0.379696    -0.254826
    0.742865    -0.321314    -0.247030
    0.749207    -0.294627    -0.255355
    0.749645    -0.293899    -0.255404
    0.772720    -0.272403    -0.250029
    0.774545    -0.241026    -0.254658
    0.790846    -0.183084    -0.254658
    0.773285    -0.142442    -0.268681
    0.756353    -0.128579    -0.274983
    0.753501    -0.092842    -0.271500
    0.628169     0.086926    -0.284439
    0.110705     0.447649    -0.305073
    0.044297     0.473846    -0.305073
   -0.035012     0.479587    -0.312435
   -0.043482     0.505166    -0.300544
   -0.224571     0.211819    -0.391784
   -0.312198     0.177251    -0.391784
   -0.577704     0.430113    -0.244753
   -0.070744     0.399428    -0.339597
   -0.304010     0.105040    -0.407288
   -0.351617    -0.004419    -0.407288
   -0.359614    -0.013586    -0.405718
   -0.455818    -0.052484    -0.374671
   -0.499928    -0.052484    -0.357398
   -0.301306     0.151571    -0.400423
   -0.533699    -0.143232    -0.328719
   -0.428115    -0.139799    -0.370648
   -0.420851    -0.132881    -0.374671
   -0.032209    -0.320121    -0.360723
   -0.401344    -0.125376    -0.380921
   -0.156009    -0.222158    -0.380921
    0.032161    -0.354105    -0.351807
    0.078006    -0.404891    -0.331960
    0.277522    -0.398652    -0.309274
    0.212881    -0.395126    -0.319440
    0.661217    -0.378427    -0.255355
    0.751866    -0.255692    -0.261041
    0.767028    -0.220829    -0.261041
    0.714623    -0.128579    -0.286436
    0.582664    -0.068386    -0.315468
    0.347668    -0.068386    -0.350425
   -0.183069     0.058362    -0.409579
   -0.260344     0.131957    -0.409579
   -0.260344     0.140685    -0.408216
   -0.264437     0.116414    -0.411398
   -0.297982     0.084466    -0.411398
   -0.304667     0.036447    -0.415296
   -0.357479    -0.028923    -0.404473
   -0.379699    -0.104762    -0.389322
   -0.300068    -0.083600    -0.404473
   -0.287447    -0.085194    -0.405449
    0.050032    -0.351849    -0.350425
   -0.264437     0.058362    -0.416830
   -0.287447     0.036447    -0.416830
     1      2      3
     1      3      4
     1      4      5
     1      5      6
     7      8      9
     7      9      4
     7      4      3
    10      9      8
    10      8     11
    10     11     12
     5      4      9
     5      9     10
    13     14     15
    13     15     16
    13     16     17
    18     19      1
    18      1      6
    18      6     14
    18     14     13
    20      2      1
    20      1     19
    20     19     21
    20     21     22
    23     24     25
    23     25     26
    23     26     27
    23     27     20
    23     20     22
    23     22     28
    23     28     29
    27     30     31
    27     31      7
    27      7      3
    27      3      2
    27      2     20
    26     32     30
    26     30     27
    31     33     11
    31     11      8
    31      8      7
    12     11     33
    12     33     34
    12     34     35
    35     34     36
    35     36     37
    35     37     38
    39     40     41
    15     14      6
    15      6      5
    15      5     10
    15     10     12
    15     12     35
    15     35     38
    15     38     42
    15     42     39
    15     39     41
    15     41     43
    15     43     44
    15     44     45
    15     45     46
    46     45     47
    46     47     48
    46     48     49
    46     49     50
    46     50     51
    52     51     50
    52     50     53
    52     53     54
    52     54     55
    56     16     15
    56     15     46
    56     46     51
    56     51     52
    57     58     18
    57     18     13
    57     13     17
    57     17     59
    60     21     19
    60     19     18
    60     18     58
    28     22     21
    28     21     60
    28     60     61
    62     63     64
    62     64     24
    62     24     23
    64     65     66
    64     66     25
    64     25     24
    67     68     69
    67     69     66
    67     66     65
    25     66     69
    25     69     70
    25     70     71
    25     71     32
    25     32     26
    70     72     73
    70     73     74
    70     74     75
    70     75     71
    74     76     75
    71     75     76
    71     76     77
    71     77     78
    71     78     79
    71     79     80
    71     80     81
    71     81     82
    71     82     83
    71     83     36
    71     36     34
    71     34     33
    71     33     31
    71     31     30
    71     30     32
    80     84     85
    80     85     81
    36     83     86
    36     86     37
    38     37     86
    38     86     87
    38     87     42
    41     40     88
    41     88     89
    41     89     43
    44     90     91
    44     91     47
    44     47     45
    47     91     92
    47     92     93
    47     93     94
    47     94     48
    49     48     94
    49     94     95
    53     50     49
    53     49     95
    53     95     96
    53     96     97
    98     54     53
    98     53     97
    98     97     99
    98     99    100
    98    100    101
   102     55     54
   102     54     98
   103    104     56
   103     56     52
   103     52     55
   103     55    102
   103    102    105
   103    105    106
    59     17     16
    59     16     56
    59     56    104
   107     61     60
   107     60     58
   107     58     57
   107     57    108
   109     29     28
   109     28     61
   109     61    107
   110    111    112
   110    112    113
   110    113     62
   110     62     23
   110     23     29
   110     29    109
   113    114    115
   113    115    116
   113    116     63
   113     63     62
   116    117    118
   116    118     67
   116     67     65
   116     65     64
   116     64     63
   119    120    118
   119    118    117
   118    120    121
   118    121     68
   118     68     67
    69     68    121
    69    121    122
    69    122    123
    69    123     72
    69     72     70
   123    124    125
   123    125    126
   123    126    127
   123    127    128
   123    128     73
   123     73     72
   126    129    130
   126    130    131
   126    131    127
   127    131    132
   127    132    133
   127    133    128
    73    128    133
    73    133    134
    73    134     77
    73     77     76
    73     76     74
    78    135    136
    78    136    137
    78    137     79
    79    137    138
    79    138     84
    79     84     80
    85     84    138
    85    138    139
    86     83     82
    86     82    140
    86    140     87
    42     87    140
    42    140    141
    42    141     88
    42     88     40
    42     40     39
    43     89    142
    43    142    143
    43    143    144
    43    144    145
    43    145    146
    43    146     90
    43     90     44
   147     92     91
   147     91     90
   147     90    146
   147    146    148
    93     92    147
    93    147    149
    93    149    150
    95     94     93
    95     93    150
    95    150    151
    95    151     96
   151    150    149
   151    149    152
   151    152    153
   151    153    154
    97     96    151
    97    151    154
    97    154    155
    97    155     99
   100     99    155
   100    155    156
   100    156    157
   158    101    100
   158    100    157
   158    157    159
   158    159    160
   158    160    161
   162    163    105
   162    105    102
   162    102     98
   162     98    101
   162    101    158
   164    163    162
   164    162    165
   164    165    166
   167    106    105
   167    105    163
   167    163    164
   168    169    103
   168    103    106
   168    106    167
   168    167    170
   171    108     57
   171     57     59
   171     59    104
   171    104    103
   171    103    169
   171    169    172
   173    174    175
   173    175    176
   173    176    177
   173    177    110
   173    110    109
   173    109    107
   173    107    108
   173    108    171
   173    171    178
   177    179    111
   177    111    110
   180    181    182
   180    182    183
   180    183    184
   180    184    112
   180    112    111
   180    111    179
   183    185    186
   183    186    184
   112    184    186
   112    186    187
   112    187    188
   112    188    114
   112    114    113
   188    189    190
   188    190    115
   188    115    114
   115    190    191
   115    191    119
   115    119    117
   115    117    116
   191    192    193
   191    193    122
   191    122    121
   191    121    120
   191    120    119
   193    194    195
   193    195    124
   193    124    123
   193    123    122
   195    196    197
   195    197    198
   195    198    125
   195    125    124
   125    198    199
   125    199    129
   125    129    126
   199    200    201
   199    201    202
   199    202    130
   199    130    129
   130    202    203
   130    203    204
   130    204    132
   130    132    131
   133    132    204
   133    204    205
   133    205    134
    77    134    205
    77    205    206
    77    206    207
    77    207    208
    77    208    209
    77    209    135
    77    135     78
   209    210    211
   209    211    212
   209    212    136
   209    136    135
   212    211    213
   212    213    214
   212    214    215
   139    138    137
   139    137    136
   139    136    212
   139    212    215
   139    215    216
   216    215    214
   216    214    217
   216    217    218
   140     82     81
   140     81     85
   140     85    139
   140    139    216
   140    216    218
   140    218    219
   140    219    141
   141    219    220
   141    220    221
   141    221    222
   141    222    223
   141    223    224
   141    224    225
   141    225    226
   141    226    227
   141    227    142
   141    142     89
   141     89     88
   142    227    228
   142    228    229
   142    229    230
   142    230    143
   143    230    231
   143    231    144
   148    146    145
   148    145    232
   148    232    233
   152    149    147
   152    147    148
   152    148    233
   152    233    234
   235    153    152
   235    152    234
   235    234    236
   235    236    237
   155    154    153
   155    153    235
   155    235    238
   155    238    156
   239    238    235
   239    235    237
   239    237    240
   239    240    241
   157    156    238
   157    238    239
   157    239    159
   160    159    239
   160    239    241
   160    241    242
   160    242    243
   244    161    160
   244    160    243
   244    243    245
   244    245    246
   244    246    247
   244    247    248
   249    165    162
   249    162    158
   249    158    161
   249    161    244
   250    166    165
   250    165    249
   250    249    251
   250    251    252
   253    170    167
   253    167    164
   253    164    166
   253    166    250
   254    255    168
   254    168    170
   254    170    253
   254    253    256
   257    172    169
   257    169    168
   257    168    255
   257    255    258
   259    178    171
   259    171    172
   259    172    257
   259    257    260
   261    262    263
   261    263    175
   261    175    174
   261    174    264
   175    263    265
   175    265    266
   175    266    267
   175    267    176
   176    267    268
   176    268    180
   176    180    179
   176    179    177
   268    269    270
   268    270    271
   268    271    181
   268    181    180
   271    272    273
   271    273    274
   271    274    182
   271    182    181
   182    274    275
   182    275    276
   182    276    185
   182    185    183
   186    185    276
   186    276    277
   186    277    278
   186    278    187
   187    278    279
   187    279    189
   187    189    188
   279    280    281
   279    281    192
   279    192    191
   279    191    190
   279    190    189
   281    282    194
   281    194    193
   281    193    192
   283    284    285
   283    285    286
   283    286    287
   283    287    196
   283    196    195
   283    195    194
   283    194    282
   287    288    197
   287    197    196
   286    289    290
   286    290    288
   286    288    287
   197    288    290
   197    290    291
   197    291    200
   197    200    199
   197    199    198
   291    292    293
   291    293    294
   291    294    201
   291    201    200
   203    202    201
   203    201    294
   203    294    295
   203    295    296
   205    204    203
   205    203    296
   205    296    297
   205    297    206
   206    297    298
   206    298    299
   206    299    300
   206    300    207
   207    300    301
   207    301    302
   207    302    303
   207    303    208
   208    303    304
   208    304    305
   208    305    210
   208    210    209
   305    306    213
   305    213    211
   305    211    210
   214    213    306
   214    306    307
   214    307    308
   214    308    217
   218    217    308
   218    308    309
   218    309    310
   218    310    220
   218    220    219
   220    310    311
   220    311    221
   223    312    313
   223    313    314
   223    314    315
   223    315    224
   224    315    316
   224    316    317
   224    317    318
   224    318    319
   224    319    320
   224    320    225
   225    320    321
   225    321    322
   225    322    226
   226    322    323
   226    323    228
   226    228    227
   231    230    229
   231    229    324
   231    324    325
   232    145    144
   232    144    231
   232    231    325
   232    325    326
   234    233    232
   234    232    326
   234    326    327
   234    327    328
   234    328    329
   234    329    236
   237    236    329
   237    329    330
   237    330    240
   330    329    328
   330    328    331
   330    331    332
   330    332    333
   241    240    330
   241    330    333
   241    333    334
   241    334    242
   334    333    332
   334    332    335
   334    335    336
   334    336    337
   243    242    334
   243    334    337
   243    337    245
   245    337    336
   245    336    338
   245    338    246
   248    247    339
   248    339    340
   248    340    341
   248    341    342
   248    342    343
   248    343    344
   345    251    249
   345    249    244
   345    244    248
   345    248    344
   345    344    346
   345    346    347
   348    252    251
   348    251    345
   348    345    349
   350    256    253
   350    253    250
   350    250    252
   350    252    348
   351    352    254
   351    254    256
   351    256    350
   353    258    255
   353    255    254
   353    254    352
   353    352    354
   355    260    257
   355    257    258
   355    258    353
   356    357    173
   356    173    178
   356    178    259
   358    264    174
   358    174    173
   358    173    357
   359    360    265
   359    265    263
   359    263    262
   265    360    361
   265    361    362
   265    362    363
   265    363    266
   266    363    364
   266    364    269
   266    269    268
   266    268    267
   364    365    366
   364    366    367
   364    367    270
   364    270    269
   270    367    368
   270    368    369
   270    369    272
   270    272    271
   369    370    371
   369    371    372
   369    372    273
   369    273    272
   273    372    373
   273    373    374
   273    374    275
   273    275    274
   275    374    375
   275    375    277
   275    277    276
   277    375    376
   277    376    377
   277    377    280
   277    280    279
   277    279    278
   377    378    379
   377    379    283
   377    283    282
   377    282    281
   377    281    280
   379    380    381
   379    381    284
   379    284    283
   381    382    383
   381    383    384
   381    384    385
   381    385    285
   381    285    284
   384    386    387
   384    387    388
   384    388    389
   384    389    385
   285    385    389
   285    389    390
   285    390    289
   285    289    286
   389    388    391
   389    391    392
   389    392    390
   390    392    393
   390    393    292
   390    292    291
   390    291    290
   390    290    289
   393    394    395
   393    395    396
   393    396    293
   393    293    292
   294    293    396
   294    396    397
   294    397    398
   294    398    295
   296    295    398
   296    398    399
   296    399    298
   296    298    297
   298    399    400
   298    400    401
   298    401    402
   298    402    299
   299    402    403
   299    403    404
   299    404    301
   299    301    300
   301    404    405
   301    405    406
   301    406    407
   301    407    302
   302    407    408
   302    408    409
   302    409    304
   302    304    303
   304    409    410
   304    410    411
   304    411    307
   304    307    306
   304    306    305
   308    307    411
   308    411    412
   308    412    309
   309    412    413
   309    413    414
   309    414    415
   309    415    311
   309    311    310
   221    311    415
   221    415    416
   221    416    222
   222    416    417
   222    417    312
   222    312    223
   314    418    419
   314    419    316
   314    316    315
   316    419    420
   316    420    421
   316    421    317
   318    422    423
   318    423    424
   318    424    319
   319    424    425
   319    425    426
   319    426    321
   319    321    320
   323    322    321
   323    321    426
   323    426    427
   323    427    428
   324    229    228
   324    228    323
   324    323    428
   324    428    429
   324    429    430
   326    325    324
   326    324    430
   326    430    431
   326    431    432
   326    432    327
   328    327    432
   328    432    433
   328    433    434
   328    434    435
   328    435    331
   435    434    436
   435    436    437
   435    437    438
   332    331    435
   332    435    438
   332    438    439
   332    439    335
   439    438    437
   439    437    440
   439    440    441
   336    335    439
   336    439    441
   336    441    442
   336    442    338
   442    441    440
   442    440    443
   442    443    444
   442    444    445
   246    338    442
   246    442    445
   246    445    339
   246    339    247
   339    445    444
   339    444    446
   339    446    447
   339    447    340
   343    342    448
   343    448    449
   343    449    450
   346    344    343
   346    343    450
   346    450    451
   346    451    452
   346    452    453
   454    347    346
   454    346    453
   454    453    455
   456    349    345
   456    345    347
   456    347    454
   457    458    351
   457    351    350
   457    350    348
   457    348    349
   457    349    456
   459    354    352
   459    352    351
   459    351    458
   460    461    355
   460    355    353
   460    353    354
   460    354    459
   462    463    356
   462    356    259
   462    259    260
   462    260    355
   462    355    461
   464    465    358
   464    358    357
   464    357    356
   464    356    463
   466    467    261
   466    261    264
   466    264    358
   466    358    465
   468    469    470
   468    470    359
   468    359    262
   468    262    261
   468    261    467
   470    471    472
   470    472    361
   470    361    360
   470    360    359
   472    473    474
   472    474    362
   472    362    361
   362    474    475
   362    475    476
   362    476    365
   362    365    364
   362    364    363
   476    477    478
   476    478    366
   476    366    365
   366    478    479
   366    479    480
   366    480    481
   366    481    368
   366    368    367
   368    481    482
   368    482    370
   368    370    369
   482    483    484
   482    484    485
   482    485    371
   482    371    370
   371    485    486
   371    486    373
   371    373    372
   373    486    487
   373    487    376
   373    376    375
   373    375    374
   376    487    488
   376    488    489
   376    489    378
   376    378    377
   489    490    491
   489    491    380
   489    380    379
   489    379    378
   491    492    493
   491    493    382
   491    382    381
   491    381    380
   493    494    495
   493    495    383
   493    383    382
   383    495    496
   383    496    497
   383    497    498
   383    498    386
   383    386    384
   498    499    500
   498    500    501
   498    501    502
   498    502    387
   498    387    386
   387    502    503
   387    503    391
   387    391    388
   504    503    502
   504    502    501
   504    501    505
   504    505    506
   507    394    393
   507    393    392
   507    392    391
   507    391    503
   507    503    504
   508    395    394
   508    394    507
   508    507    509
   510    397    396
   510    396    395
   510    395    508
   510    508    511
   398    397    510
   398    510    512
   398    512    400
   398    400    399
   513    514    401
   513    401    400
   513    400    512
   513    512    515
   401    514    516
   401    516    517
   401    517    403
   401    403    402
   403    517    518
   403    518    519
   403    519    405
   403    405    404
   405    519    520
   405    520    521
   405    521    522
   405    522    406
   521    523    524
   521    524    525
   521    525    526
   521    526    527
   521    527    522
   408    527    526
   408    526    528
   408    528    410
   408    410    409
   411    410    528
   411    528    529
   411    529    530
   411    530    413
   411    413    412
   413    530    531
   413    531    414
   415    414    531
   415    531    532
   415    532    533
   415    533    417
   415    417    416
   417    533    534
   417    534    535
   417    535    313
   417    313    312
   313    535    536
   313    536    537
   313    537    418
   313    418    314
   537    538    539
   537    539    540
   537    540    420
   537    420    419
   537    419    418
   420    540    541
   420    541    542
   420    542    421
   317    421    542
   317    542    543
   317    543    544
   317    544    422
   317    422    318
   544    545    546
   544    546    423
   544    423    422
   425    424    423
   425    423    546
   425    546    547
   425    547    548
   427    426    425
   427    425    548
   427    548    549
   429    428    427
   429    427    549
   429    549    550
   429    550    551
   429    551    552
   431    430    429
   431    429    552
   431    552    553
   431    553    554
   555    433    432
   555    432    431
   555    431    554
   555    554    556
   555    556    557
   436    434    433
   436    433    555
   436    555    558
   436    558    559
   559    558    560
   559    560    561
   559    561    562
   559    562    563
   440    437    436
   440    436    559
   440    559    563
   440    563    564
   440    564    443
   564    563    562
   564    562    565
   564    565    566
   444    443    564
   444    564    566
   444    566    446
   446    566    565
   446    565    567
   446    567    568
   446    568    447
   340    447    568
   340    568    569
   340    569    341
   341    569    570
   341    570    571
   341    571    448
   341    448    342
   450    449    572
   450    572    573
   450    573    451
   452    451    573
   452    573    574
   452    574    575
   452    575    576
   452    576    577
   455    453    452
   455    452    577
   455    577    578
   578    577    576
   578    576    579
   578    579    580
   457    456    454
   457    454    455
   457    455    578
   457    578    580
   457    580    581
   581    582    583
   581    583    460
   581    460    459
   581    459    458
   581    458    457
   583    584    462
   583    462    461
   583    461    460
   585    586    464
   585    464    463
   585    463    462
   585    462    584
   587    588    466
   587    466    465
   587    465    464
   587    464    586
   589    590    468
   589    468    467
   589    467    466
   589    466    588
   591    592    469
   591    469    468
   591    468    590
   591    590    593
   594    595    471
   594    471    470
   594    470    469
   594    469    592
   596    597    598
   596    598    473
   596    473    472
   596    472    471
   596    471    595
   598    599    600
   598    600    475
   598    475    474
   598    474    473
   475    600    601
   475    601    602
   475    602    477
   475    477    476
   602    603    479
   602    479    478
   602    478    477
   479    603    604
   479    604    605
   479    605    606
   479    606    480
   480    606    607
   480    607    483
   480    483    482
   480    482    481
   607    608    609
   607    609    484
   607    484    483
   484    609    610
   484    610    611
   484    611    488
   484    488    487
   484    487    486
   484    486    485
   488    611    612
   488    612    613
   488    613    490
   488    490    489
   613    614    492
   613    492    491
   613    491    490
   615    616    617
   615    617    494
   615    494    493
   615    493    492
   615    492    614
   618    496    495
   618    495    494
   618    494    617
   618    617    619
   620    497    496
   620    496    618
   620    618    621
   620    621    622
   623    499    498
   623    498    497
   623    497    620
   624    500    499
   624    499    623
   624    623    625
   626    505    501
   626    501    500
   626    500    624
   626    624    627
   506    505    626
   506    626    628
   629    509    507
   629    507    504
   629    504    506
   629    506    628
   629    628    630
   631    511    508
   631    508    509
   631    509    629
   515    512    510
   515    510    511
   515    511    631
   515    631    632
   633    516    514
   633    514    513
   634    635    518
   634    518    517
   634    517    516
   634    516    633
   636    520    519
   636    519    518
   636    518    635
   636    635    637
   638    523    521
   638    521    520
   638    520    636
   638    636    639
   640    524    523
   640    523    638
   640    638    641
   642    525    524
   642    524    640
   642    640    643
   642    643    644
   528    526    525
   528    525    642
   528    642    645
   528    645    529
   531    530    529
   531    529    645
   531    645    646
   531    646    647
   531    647    532
   532    647    648
   532    648    649
   532    649    650
   532    650    534
   532    534    533
   534    650    651
   534    651    652
   534    652    536
   534    536    535
   653    538    537
   653    537    536
   653    536    652
   653    652    654
   655    539    538
   655    538    653
   655    653    656
   657    658    541
   657    541    540
   657    540    539
   657    539    655
   657    655    659
   542    541    658
   542    658    660
   542    660    543
   661    545    544
   661    544    543
   661    543    660
   661    660    662
   661    662    663
   547    546    545
   547    545    661
   547    661    664
   549    548    547
   549    547    664
   549    664    665
   549    665    666
   549    666    550
   551    550    666
   551    666    667
   551    667    668
   553    552    551
   553    551    668
   553    668    669
   553    669    670
   556    554    553
   556    553    670
   556    670    671
   556    671    672
   673    557    556
   673    556    672
   673    672    674
   673    674    675
   676    560    558
   676    558    555
   676    555    557
   676    557    673
   677    561    560
   677    560    676
   677    676    678
   565    562    561
   565    561    677
   565    677    679
   565    679    567
   680    679    677
   680    677    678
   680    678    681
   680    681    682
   568    567    679
   568    679    680
   568    680    570
   568    570    569
   683    571    570
   683    570    680
   683    680    682
   683    682    684
   448    571    683
   448    683    572
   448    572    449
   574    685    686
   574    686    687
   574    687    688
   574    688    575
   688    687    689
   688    689    690
   688    690    691
   688    691    692
   576    575    688
   576    688    692
   576    692    693
   576    693    579
   693    692    691
   693    691    694
   693    694    695
   693    695    696
   580    579    693
   580    693    696
   580    696    697
   580    697    582
   580    582    581
   582    697    698
   582    698    699
   582    699    585
   582    585    584
   582    584    583
   699    700    587
   699    587    586
   699    586    585
   701    702    589
   701    589    588
   701    588    587
   701    587    700
   703    593    590
   703    590    589
   703    589    702
   704    705    594
   704    594    592
   704    592    591
   706    707    596
   706    596    595
   706    595    594
   706    594    705
   708    709    599
   708    599    598
   708    598    597
   710    711    601
   710    601    600
   710    600    599
   710    599    709
   601    711    712
   601    712    604
   601    604    603
   601    603    602
   713    605    604
   713    604    712
   713    712    714
   715    608    607
   715    607    606
   715    606    605
   715    605    713
   715    713    716
   717    610    609
   717    609    608
   717    608    715
   718    719    612
   718    612    611
   718    611    610
   718    610    717
   718    717    720
   721    722    615
   721    615    614
   721    614    613
   721    613    612
   721    612    719
   723    616    615
   723    615    722
   723    722    724
   725    619    617
   725    617    616
   725    616    723
   725    723    726
   725    726    727
   728    621    618
   728    618    619
   728    619    725
   729    622    621
   729    621    728
   729    728    730
   731    625    623
   731    623    620
   731    620    622
   731    622    729
   732    627    624
   732    624    625
   732    625    731
   732    731    733
   630    628    626
   630    626    627
   630    627    732
   630    732    734
   735    632    631
   735    631    629
   735    629    630
   735    630    734
   735    734    736
   737    738    634
   737    634    633
   737    633    513
   737    513    515
   737    515    632
   737    632    735
   739    637    635
   739    635    634
   739    634    738
   740    639    636
   740    636    637
   740    637    739
   740    739    741
   742    641    638
   742    638    639
   742    639    740
   742    740    743
   744    745    643
   744    643    640
   744    640    641
   744    641    742
   746    644    643
   746    643    745
   746    745    747
   746    747    748
   646    645    642
   646    642    644
   646    644    746
   646    746    749
   750    648    647
   750    647    646
   750    646    749
   750    749    751
   651    650    649
   651    649    752
   651    752    753
   654    652    651
   654    651    753
   654    753    754
   654    754    755
   654    755    756
   757    656    653
   757    653    654
   757    654    756
   757    756    758
   759    659    655
   759    655    656
   759    656    757
   759    757    760
   761    662    660
   761    660    658
   761    658    657
   663    662    761
   663    761    762
   663    762    763
   665    664    661
   665    661    663
   665    663    763
   665    763    764
   665    764    765
   667    666    665
   667    665    765
   667    765    766
   669    668    667
   669    667    766
   669    766    767
   669    767    768
   769    671    670
   769    670    669
   769    669    768
   769    768    770
   769    770    771
   769    771    772
   769    772    773
   672    671    769
   672    769    674
   675    674    769
   675    769    773
   675    773    774
   675    774    775
   675    775    776
   681    678    676
   681    676    673
   681    673    675
   681    675    776
   681    776    777
   777    776    775
   777    775    778
   777    778    779
   684    682    681
   684    681    777
   684    777    779
   684    779    780
   780    779    778
   780    778    781
   780    781    686
   780    686    685
   573    572    683
   573    683    684
   573    684    780
   573    780    685
   573    685    574
   689    782    783
   689    783    784
   689    784    690
   784    783    785
   784    785    786
   784    786    787
   784    787    788
   691    690    784
   691    784    788
   691    788    694
   694    788    787
   694    787    789
   694    789    695
   696    695    789
   696    789    790
   696    790    791
   696    791    792
   696    792    698
   696    698    697
   698    792    793
   698    793    701
   698    701    700
   698    700    699
   793    794    795
   793    795    703
   793    703    702
   793    702    701
   795    796    797
   795    797    704
   795    704    591
   795    591    593
   795    593    703
   797    798    706
   797    706    705
   797    705    704
   799    800    708
   799    708    597
   799    597    596
   799    596    707
   801    802    710
   801    710    709
   801    709    708
   801    708    800
   803    714    712
   803    712    711
   803    711    710
   803    710    802
   804    716    713
   804    713    714
   804    714    803
   804    803    805
   806    720    717
   806    717    715
   806    715    716
   806    716    804
   807    808    718
   807    718    720
   807    720    806
   807    806    809
   807    809    810
   811    812    721
   811    721    719
   811    719    718
   811    718    808
   811    808    813
   814    724    722
   814    722    721
   814    721    812
   814    812    815
   816    726    723
   816    723    724
   816    724    814
   816    814    817
   818    727    726
   818    726    816
   818    816    819
   820    730    728
   820    728    725
   820    725    727
   820    727    818
   821    822    733
   821    733    731
   821    731    729
   821    729    730
   821    730    820
   736    734    732
   736    732    733
   736    733    822
   736    822    823
   824    825    737
   824    737    735
   824    735    736
   824    736    823
   824    823    826
   824    826    827
   828    741    739
   828    739    738
   828    738    737
   828    737    825
   828    825    829
   830    743    740
   830    740    741
   830    741    828
   830    828    831
   832    833    744
   832    744    742
   832    742    743
   832    743    830
   834    747    745
   834    745    744
   834    744    833
   834    833    835
   748    747    834
   748    834    836
   751    749    746
   751    746    748
   751    748    836
   751    836    837
   838    752    649
   838    649    648
   838    648    750
   838    750    839
   754    753    752
   754    752    838
   754    838    840
   758    756    755
   758    755    841
   758    841    842
   843    760    757
   843    757    758
   843    758    842
   843    842    844
   845    762    761
   845    761    657
   845    657    659
   845    659    759
   764    763    762
   764    762    845
   764    845    846
   764    846    847
   766    765    764
   766    764    847
   766    847    848
   766    848    767
   768    767    848
   768    848    849
   768    849    850
   768    850    770
   770    850    851
   770    851    852
   770    852    853
   770    853    771
   772    771    853
   772    853    854
   772    854    855
   772    855    856
   774    773    772
   774    772    856
   774    856    857
   774    857    858
   858    857    859
   858    859    860
   778    775    774
   778    774    858
   778    858    860
   778    860    861
   778    861    781
   861    860    859
   861    859    862
   861    862    863
   861    863    864
   686    781    861
   686    861    864
   686    864    782
   686    782    689
   686    689    687
   786    785    865
   786    865    866
   786    866    867
   867    866    868
   867    868    869
   789    787    786
   789    786    867
   789    867    869
   789    869    870
   789    870    871
   789    871    790
   790    871    872
   790    872    873
   790    873    791
   791    873    874
   791    874    875
   791    875    794
   791    794    793
   791    793    792
   875    876    877
   875    877    796
   875    796    795
   875    795    794
   877    878    879
   877    879    798
   877    798    797
   877    797    796
   879    880    881
   879    881    882
   879    882    883
   879    883    799
   879    799    707
   879    707    706
   879    706    798
   883    884    801
   883    801    800
   883    800    799
   885    805    803
   885    803    802
   885    802    801
   885    801    884
   886    809    806
   886    806    804
   886    804    805
   886    805    885
   887    888    807
   887    807    810
   887    810    889
   890    813    808
   890    808    807
   890    807    888
   891    815    812
   891    812    811
   891    811    892
   893    817    814
   893    814    815
   893    815    891
   894    819    816
   894    816    817
   894    817    893
   894    893    895
   896    897    821
   896    821    820
   896    820    818
   896    818    819
   896    819    894
   823    822    821
   823    821    897
   823    897    826
   898    829    825
   898    825    824
   898    824    899
   900    831    828
   900    828    829
   900    829    898
   900    898    901
   902    903    832
   902    832    830
   902    830    831
   902    831    900
   904    835    833
   904    833    832
   904    832    903
   904    903    905
   837    836    834
   837    834    835
   837    835    904
   837    904    906
   907    839    750
   907    750    751
   907    751    837
   907    837    906
   907    906    908
   909    840    838
   909    838    839
   909    839    907
   909    907    910
   841    755    754
   841    754    840
   841    840    909
   841    909    911
   841    911    912
   844    842    841
   844    841    912
   844    912    913
   914    846    845
   914    845    759
   914    759    760
   914    760    843
   848    847    846
   848    846    914
   848    914    915
   848    915    849
   849    915    916
   849    916    917
   849    917    851
   849    851    850
   851    917    918
   851    918    919
   851    919    852
   853    852    919
   853    919    920
   853    920    921
   853    921    854
   855    854    921
   855    921    922
   855    922    923
   859    857    856
   859    856    855
   859    855    923
   859    923    924
   859    924    925
   859    925    862
   862    925    926
   862    926    927
   862    927    863
   864    863    927
   864    927    865
   864    865    785
   864    785    783
   864    783    782
   869    868    928
   869    928    929
   869    929    930
   869    930    870
   870    930    931
   870    931    932
   870    932    872
   870    872    871
   872    932    933
   872    933    934
   872    934    935
   872    935    874
   872    874    873
   874    935    936
   874    936    876
   874    876    875
   936    937    938
   936    938    939
   936    939    878
   936    878    877
   936    877    876
   939    940    941
   939    941    880
   939    880    879
   939    879    878
   941    942    881
   941    881    880
   882    943    886
   882    886    885
   882    885    884
   882    884    883
   889    810    809
   889    809    886
   889    886    943
   889    943    944
   945    946    890
   945    890    888
   945    888    887
   947    892    811
   947    811    813
   947    813    890
   947    890    946
   948    895    893
   948    893    891
   948    891    892
   948    892    947
   948    947    949
   950    951    896
   950    896    894
   950    894    895
   950    895    948
   827    826    897
   827    897    896
   827    896    951
   952    901    898
   952    898    899
   952    899    953
   954    955    956
   954    956    957
   954    957    902
   954    902    900
   954    900    901
   954    901    952
   957    905    903
   957    903    902
   908    906    904
   908    904    905
   908    905    957
   908    957    956
   908    956    958
   959    910    907
   959    907    908
   959    908    958
   959    958    960
   959    960    961
   962    911    909
   962    909    910
   962    910    959
   913    912    911
   913    911    962
   913    962    963
   964    916    915
   964    915    914
   964    914    843
   964    843    844
   964    844    913
   964    913    963
   964    963    965
   966    918    917
   966    917    916
   966    916    964
   966    964    967
   968    920    919
   968    919    918
   968    918    966
   968    966    969
   921    920    968
   921    968    970
   921    970    922
   923    922    970
   923    970    971
   923    971    972
   923    972    973
   923    973    924
   926    925    924
   926    924    973
   926    973    974
   926    974    975
   865    927    926
   865    926    975
   865    975    928
   865    928    868
   865    868    866
   929    976    977
   929    977    978
   929    978    931
   929    931    930
   931    978    933
   931    933    932
   934    979    937
   934    937    936
   934    936    935
   938    980    981
   938    981    940
   938    940    939
   981    982    983
   981    983    942
   981    942    941
   981    941    940
   881    942    983
   881    983    944
   881    944    943
   881    943    882
   984    985    986
   984    986    945
   984    945    887
   984    887    889
   984    889    944
   984    944    983
   984    983    982
   984    982    987
   986    949    947
   986    947    946
   986    946    945
   988    989    990
   988    990    991
   988    991    992
   988    992    954
   988    954    952
   988    952    953
   988    953    950
   988    950    948
   988    948    949
   988    949    986
   988    986    985
   988    985    993
   953    899    824
   953    824    827
   953    827    951
   953    951    950
   992    994    955
   992    955    954
   995    994    992
   995    992    991
   995    991    996
   960    958    956
   960    956    955
   960    955    994
   960    994    995
   997    961    960
   997    960    995
   997    995    996
   997    996    998
   997    998    999
   965    963    962
   965    962    959
   965    959    961
   965    961    997
   965    997   1000
   965   1000   1001
  1002    967    964
  1002    964    965
  1002    965   1001
  1002   1001   1003
  1004    969    966
  1004    966    967
  1004    967   1002
   971    970    968
   971    968    969
   971    969   1004
   974    973    972
   974    972   1005
   974   1005   1006
   928    975    974
   928    974   1006
   928   1006    976
   928    976    929
   933    978    977
   933    977   1007
   933   1007   1008
   933   1008    979
   933    979    934
  1008   1009   1010
  1008   1010   1011
  1008   1011   1012
  1008   1012    984
  1008    984    987
  1008    987    980
  1008    980    938
  1008    938    937
  1008    937    979
   987    982    981
   987    981    980
  1012    993    985
  1012    985    984
  1011   1013   1014
  1011   1014    988
  1011    988    993
  1011    993   1012
  1014   1015    989
  1014    989    988
   996    991    990
   996    990   1016
   996   1016   1017
   996   1017    998
  1017   1016   1018
   999    998   1017
   999   1017   1018
   999   1018   1019
  1003   1001   1000
  1003   1000   1020
  1007   1005    972
  1007    972    971
  1007    971   1004
  1007   1004   1002
  1007   1002   1003
  1007   1003   1020
  1007   1020   1009
  1007   1009   1008
  1006   1005   1007
  1006   1007    977
  1006    977    976
  1010   1021   1013
  1010   1013   1011
  1022   1015   1014
  1022   1014   1013
  1022   1013   1021
  1019   1018   1016
  1019   1016    990
  1019    990    989
  1019    989   1015
  1019   1015   1022
  1020   1000    997
  1020    997    999
  1020    999   1019
  1020   1019   1022
  1020   1022   1021
  1020   1021   1010
  1020   1010   1009
   406    522    527
   406    527    408
   406    408    407
