1022, 2040
0.071948, 0.068796, 0.442587
0.038089, 0.073071, 0.445204
0.029504, 0.040465, 0.449020
0.029504, -0.012346, 0.453961
0.065384, -0.012346, 0.450764
0.138751, 0.005175, 0.442587
-0.103709, -0.086405, 0.449020
-0.087028, -0.100924, 0.451865
-0.063503, -0.100924, 0.453961
-0.063503, -0.135095, 0.450764
-0.081420, -0.141208, 0.448595
-0.068382, -0.153626, 0.448595
0.307586, 0.091458, 0.403994
0.282305, 0.005175, 0.421232
0.650092, -0.162590, 0.340316
0.587491, -0.018655, 0.340316
0.571815, -0.010525, 0.343648
0.283814, 0.114098, 0.403994
0.249267, 0.115919, 0.408849
0.021186, 0.106683, 0.437439
0.179662, 0.143378, 0.408848
0.021186, 0.154850, 0.423558
-0.327186, 0.432135, 0.304047
-0.433619, 0.424430, 0.294167
-0.557221, 0.375670, 0.294167
-0.509912, 0.264132, 0.331689
-0.486160, 0.241511, 0.340908
-0.088300, 0.276132, 0.376161
-0.245145, 0.388502, 0.325947
-0.466086, 0.173000, 0.354595
-0.138819, -0.070390, 0.441295
-0.537066, 0.201699, 0.331689
-0.092126, -0.177748, 0.441295
-0.091959, -0.180616, 0.440872
-0.068382, -0.174350, 0.445358
-0.097372, -0.193377, 0.436579
-0.061254, -0.207625, 0.436579
-0.051285, -0.208347, 0.437505
0.092037, -0.288784, 0.403620
0.154279, -0.321887, 0.387005
0.203256, -0.318341, 0.382459
-0.012422, -0.239113, 0.426918
0.482543, -0.333574, 0.338533
0.483300, -0.333576, 0.338420
0.727516, -0.320703, 0.304102
0.689855, -0.192162, 0.329782
0.731228, -0.322131, 0.302913
0.734006, -0.321059, 0.302278
0.759691, -0.262002, 0.302278
0.760667, -0.249778, 0.303470
0.690737, -0.192519, 0.329497
0.736517, -0.069504, 0.290620
0.783695, -0.249778, 0.292333
0.780742, -0.209576, 0.288291
0.742238, -0.072722, 0.288291
0.713800, -0.048341, 0.295912
0.446403, 0.108478, 0.343824
0.284860, 0.143298, 0.391818
0.447148, 0.108207, 0.343648
0.257718, 0.169726, 0.385355
0.244381, 0.191235, 0.376161
-0.375242, 0.481149, 0.272931
-0.429600, 0.477527, 0.267726
-0.521469, 0.454083, 0.267726
-0.571909, 0.451423, 0.260639
-0.569617, 0.387475, 0.287303
-0.579677, 0.456948, 0.255428
-0.646323, 0.393475, 0.255428
-0.647150, 0.389996, 0.256513
-0.660687, 0.377385, 0.253360
-0.595305, 0.201699, 0.308883
-0.681909, 0.365450, 0.244721
-0.727074, 0.204920, 0.244721
-0.712523, 0.196903, 0.252848
-0.611271, 0.196903, 0.301815
-0.668931, 0.041963, 0.252848
-0.662054, -0.076290, 0.235402
-0.643779, -0.107032, 0.237323
-0.467154, -0.271573, 0.278463
-0.403080, -0.286632, 0.300988
-0.273971, -0.282435, 0.352259
-0.269746, -0.281544, 0.354066
-0.129768, -0.224230, 0.418639
-0.388033, -0.300962, 0.300988
-0.362183, -0.306534, 0.308668
-0.113058, -0.225112, 0.420987
-0.074365, -0.234986, 0.420987
0.172921, -0.340900, 0.374935
0.197801, -0.352547, 0.365796
0.536131, -0.335655, 0.328996
0.731344, -0.325357, 0.301567
0.754655, -0.341938, 0.285930
0.757431, -0.341340, 0.285106
0.777249, -0.322464, 0.285106
0.781795, -0.321396, 0.283508
0.783654, -0.321485, 0.282596
0.799799, -0.264100, 0.282596
0.809006, -0.135029, 0.255744
0.800003, -0.264148, 0.282453
0.828320, -0.264148, 0.261426
0.823710, -0.205432, 0.255744
0.804558, -0.075200, 0.247557
0.722588, 0.044948, 0.245995
0.722102, 0.044805, 0.246389
0.810372, -0.067465, 0.239999
0.735247, 0.039613, 0.239999
0.243628, 0.208408, 0.364375
0.312948, 0.193404, 0.343824
-0.041813, 0.458428, 0.241399
-0.153710, 0.592574, 0.153339
-0.365645, 0.632723, 0.153339
-0.373535, 0.633285, 0.154066
-0.375242, 0.631213, 0.155934
-0.533863, 0.601164, 0.155934
-0.575540, 0.551201, 0.188732
-0.580470, 0.529411, 0.204992
-0.584015, 0.521876, 0.209594
-0.586440, 0.466549, 0.247566
-0.626441, 0.494878, 0.209594
-0.637678, 0.470692, 0.221621
-0.651990, 0.457061, 0.221621
-0.682316, 0.444281, 0.207259
-0.739222, 0.363171, 0.207259
-0.758843, 0.354798, 0.195847
-0.782996, 0.329787, 0.184532
-0.783502, 0.322974, 0.185464
-0.739814, 0.207747, 0.235773
-0.727980, 0.204920, 0.244122
-0.800601, 0.241105, 0.185464
-0.802737, 0.213910, 0.188096
-0.796942, 0.207747, 0.193355
-0.793269, 0.160965, 0.188827
-0.775998, 0.078273, 0.188827
-0.773052, 0.038651, 0.183406
-0.637676, -0.132605, 0.229362
-0.508907, -0.316144, 0.229362
-0.470109, -0.304733, 0.260833
-0.460911, -0.306854, 0.264086
-0.410085, -0.339197, 0.264086
-0.219586, -0.284927, 0.360602
0.017420, -0.329826, 0.360602
0.442387, -0.561134, 0.167048
0.442797, -0.561105, 0.167010
0.615181, -0.528449, 0.167010
0.683120, -0.471876, 0.201082
0.738653, -0.405302, 0.244785
0.752923, -0.381454, 0.258810
0.743841, -0.400758, 0.247020
0.802099, -0.350160, 0.258810
0.796122, -0.344467, 0.265514
0.794703, -0.328544, 0.273980
0.804948, -0.350998, 0.256499
0.808326, -0.349574, 0.254899
0.823895, -0.327383, 0.254899
0.823966, -0.327353, 0.254858
0.827899, -0.326546, 0.252062
0.838639, -0.275123, 0.252062
0.847455, -0.135985, 0.216833
0.839972, -0.275410, 0.250646
0.866694, -0.275410, 0.221186
0.862486, -0.226369, 0.216833
0.841298, -0.067432, 0.208531
0.815304, -0.064972, 0.234452
0.822836, 0.015724, 0.181195
0.854460, -0.043949, 0.181511
0.854170, -0.042844, 0.181195
0.817562, 0.034494, 0.174640
0.791964, 0.091238, 0.145772
0.714346, 0.165160, 0.145772
0.817929, 0.035727, 0.173229
0.674491, 0.224015, 0.116576
0.692947, 0.208242, 0.120086
0.554340, 0.370794, 0.019000
0.490364, 0.413432, 0.006215
-0.034157, 0.667963, 0.006214
-0.147358, 0.694909, 0.037079
-0.163527, 0.686689, 0.054798
0.597099, 0.328870, 0.042353
-0.185787, 0.688502, 0.057365
-0.268211, 0.700935, 0.057365
-0.347048, 0.707071, 0.064028
-0.371137, 0.691623, 0.086118
-0.373688, 0.689473, 0.089051
-0.373688, 0.633931, 0.153345
-0.458972, 0.676609, 0.089051
-0.472648, 0.664622, 0.100539
-0.513276, 0.635404, 0.123526
-0.533026, 0.609194, 0.147526
-0.577249, 0.587734, 0.147526
-0.602527, 0.553486, 0.171769
-0.623661, 0.535426, 0.175789
-0.636600, 0.529936, 0.169694
-0.729627, 0.441339, 0.169694
-0.747860, 0.433125, 0.159341
-0.764505, 0.415458, 0.155812
-0.774257, 0.408930, 0.149238
-0.818106, 0.326969, 0.149238
-0.817838, 0.326490, 0.149789
-0.820325, 0.298792, 0.153143
-0.828368, 0.250429, 0.153143
-0.830702, 0.223229, 0.155557
-0.824114, 0.213910, 0.164529
-0.818693, 0.150745, 0.158924
-0.811517, 0.107593, 0.158924
-0.805602, 0.041731, 0.150947
-0.808539, 0.036491, 0.144918
-0.789544, -0.035887, 0.124198
-0.679438, -0.241692, 0.124198
-0.649716, -0.261590, 0.144235
-0.609616, -0.304152, 0.152736
-0.591152, -0.312470, 0.163219
-0.510327, -0.317496, 0.227396
-0.526006, -0.374514, 0.163219
-0.524602, -0.375110, 0.163881
-0.508066, -0.350468, 0.199907
-0.411825, -0.342319, 0.260400
-0.523992, -0.375936, 0.163296
-0.402150, -0.435061, 0.163296
-0.386951, -0.455233, 0.144826
-0.372895, -0.481085, 0.117354
-0.293722, -0.550477, 0.050852
-0.271092, -0.563822, 0.039356
-0.265810, -0.566141, 0.037594
0.055047, -0.614539, 0.037594
0.398492, -0.641270, 0.066621
0.437272, -0.616399, 0.102182
0.442387, -0.612089, 0.108064
0.519863, -0.600402, 0.108064
0.523157, -0.598460, 0.109738
0.533634, -0.589277, 0.118538
0.611588, -0.533216, 0.162645
0.745637, -0.441539, 0.201082
0.773861, -0.403299, 0.228151
0.803074, -0.378335, 0.233707
0.836149, -0.347844, 0.232808
0.812579, -0.374302, 0.229230
0.838718, -0.349408, 0.229230
0.834471, -0.329867, 0.244672
0.857835, -0.327657, 0.221373
0.849408, -0.348897, 0.218289
0.860570, -0.328033, 0.218289
0.862421, -0.327120, 0.216416
0.870197, -0.280364, 0.216416
0.889801, -0.124276, 0.146709
0.875584, -0.281550, 0.207576
0.902821, -0.281550, 0.161472
0.908161, -0.272156, 0.150233
0.903998, -0.226977, 0.146709
0.882147, -0.048573, 0.138896
0.857296, 0.022571, 0.128785
0.884551, -0.040592, 0.129144
0.884144, -0.039161, 0.128785
0.855551, 0.028196, 0.127048
0.836935, 0.068220, 0.107096
0.787170, 0.129987, 0.107096
0.855780, 0.030496, 0.123999
0.729842, 0.204102, 0.085015
0.765145, 0.170479, 0.085015
0.678494, 0.269387, 0.042353
0.686334, 0.261184, 0.046154
0.307221, 0.536615, -0.043312
0.112486, 0.636469, -0.051043
-0.004056, 0.669267, -0.016754
0.392497, 0.482704, -0.025226
-0.045232, 0.685511, -0.016753
-0.138393, 0.709515, 0.005461
-0.149489, 0.706483, 0.018373
-0.219059, 0.712863, 0.025212
-0.253527, 0.717185, 0.025212
-0.331317, 0.723687, 0.030990
-0.347048, 0.717196, 0.046033
-0.352142, 0.716770, 0.045655
-0.419082, 0.708377, 0.045655
-0.425146, 0.704729, 0.050787
-0.444976, 0.694092, 0.063498
-0.457683, 0.683604, 0.077745
-0.509086, 0.663326, 0.077745
-0.539001, 0.636519, 0.103897
-0.571570, 0.613467, 0.114360
-0.582484, 0.608521, 0.109702
-0.699711, 0.522853, 0.109702
-0.739166, 0.503388, 0.089211
-0.741503, 0.503075, 0.086160
-0.756192, 0.492921, 0.076636
-0.826174, 0.406062, 0.076636
-0.825447, 0.398774, 0.086293
-0.825300, 0.398711, 0.086582
-0.821953, 0.328667, 0.142700
-0.848352, 0.346109, 0.086293
-0.842085, 0.325305, 0.111713
-0.843817, 0.308171, 0.113481
-0.849660, 0.265903, 0.113481
-0.851369, 0.247361, 0.114928
-0.840390, 0.223229, 0.139158
-0.834215, 0.156224, 0.133932
-0.828428, 0.114360, 0.133932
-0.820761, 0.038532, 0.126106
-0.827123, 0.017415, 0.100303
-0.808807, -0.047059, 0.084161
-0.791932, -0.085860, 0.084161
-0.771554, -0.151535, 0.063871
-0.711706, -0.228228, 0.089741
-0.698996, -0.237777, 0.100190
-0.611818, -0.345980, 0.100190
-0.603750, -0.351557, 0.105421
-0.586811, -0.367690, 0.105421
-0.580669, -0.375747, 0.099935
-0.513142, -0.425095, 0.099935
-0.505980, -0.433741, 0.092472
-0.435275, -0.483788, 0.069757
-0.413649, -0.503167, 0.050852
-0.204954, -0.598786, -0.001415
-0.198198, -0.601398, -0.004062
-0.161390, -0.612983, -0.014090
0.000341, -0.627815, 0.001807
0.100765, -0.640407, 0.001807
0.348718, -0.661132, 0.020226
0.357444, -0.659882, 0.024393
0.397274, -0.643446, 0.062482
0.398492, -0.642818, 0.063869
0.467774, -0.634131, 0.063869
0.480011, -0.626770, 0.074224
0.502588, -0.614659, 0.088696
0.585671, -0.573798, 0.109738
0.630065, -0.534017, 0.148547
0.742845, -0.454189, 0.184778
0.751201, -0.450403, 0.181212
0.856302, -0.373597, 0.181212
0.852355, -0.369838, 0.191420
0.854475, -0.352701, 0.208525
0.860429, -0.373045, 0.175823
0.877324, -0.352076, 0.175823
0.871049, -0.349383, 0.188181
0.870148, -0.330531, 0.203285
0.882667, -0.349710, 0.168662
0.892172, -0.327856, 0.168662
0.887895, -0.327567, 0.175968
0.897047, -0.323316, 0.161472
0.908170, -0.272158, 0.150209
0.927197, -0.272158, 0.093459
0.930167, -0.260650, 0.080538
0.934814, -0.238524, 0.058871
0.929060, -0.178742, 0.054939
0.921471, -0.114593, 0.054939
0.907436, -0.047723, 0.068259
0.916703, -0.070348, 0.051190
0.909416, -0.051542, 0.064221
0.881387, 0.016838, 0.075255
0.886829, 0.008365, 0.068259
0.878952, 0.020884, 0.076928
0.872802, 0.032621, 0.072471
0.830143, 0.097280, 0.072471
0.776018, 0.166669, 0.068760
0.816824, 0.120173, 0.061792
0.745672, 0.204672, 0.046154
0.646629, 0.304925, 0.015555
0.567348, 0.368036, 0.004240
0.528847, 0.401109, -0.025226
0.087448, 0.650136, -0.060906
-0.028037, 0.684743, -0.032408
-0.065303, 0.697162, -0.032408
-0.127803, 0.714036, -0.019934
-0.139831, 0.713702, -0.006235
-0.221576, 0.721691, 0.000363
-0.259902, 0.725804, 0.000363
-0.324924, 0.731481, 0.004436
-0.331317, 0.730263, 0.010398
-0.335592, 0.729890, 0.010131
-0.397821, 0.723212, 0.010131
-0.399426, 0.723055, 0.010001
-0.409416, 0.719544, 0.016594
-0.416369, 0.716274, 0.023594
-0.462453, 0.700917, 0.023594
-0.476594, 0.692680, 0.034713
-0.502006, 0.678808, 0.044723
-0.519210, 0.670631, 0.038502
-0.645229, 0.595219, 0.038502
-0.691713, 0.570691, 0.017850
-0.725892, 0.543482, 0.022729
-0.745111, 0.529563, 0.011841
-0.799532, 0.477733, 0.011841
-0.803794, 0.474267, 0.008780
-0.812732, 0.464082, 0.007254
-0.813715, 0.462394, 0.008042
-0.826787, 0.406465, 0.074681
-0.843478, 0.417281, 0.008042
-0.846779, 0.410982, 0.010433
-0.848869, 0.398886, 0.026908
-0.846595, 0.398249, 0.034444
-0.849145, 0.346453, 0.083957
-0.861041, 0.365756, 0.026908
-0.860343, 0.342964, 0.054164
-0.860875, 0.338034, 0.054582
-0.866319, 0.292015, 0.054582
-0.867020, 0.284733, 0.055060
-0.859171, 0.247361, 0.091658
-0.855297, 0.207118, 0.089011
-0.842768, 0.101213, 0.089011
-0.833969, 0.019548, 0.082090
-0.834717, -0.004903, 0.052850
-0.826098, -0.033860, 0.046781
-0.806882, -0.086161, 0.046781
-0.789478, -0.138839, 0.033132
-0.785259, -0.145850, 0.036032
-0.782580, -0.150962, 0.034091
-0.706377, -0.266463, 0.034091
-0.701505, -0.271869, 0.037741
-0.663087, -0.321124, 0.035105
-0.648201, -0.333230, 0.045795
-0.572374, -0.405446, 0.045795
-0.567960, -0.408643, 0.048296
-0.547485, -0.424942, 0.045373
-0.544324, -0.427658, 0.042954
-0.427140, -0.497783, 0.042954
-0.413048, -0.504481, 0.048050
-0.307298, -0.562205, 0.006394
-0.297367, -0.567990, -0.001415
-0.132100, -0.623276, -0.033420
0.077189, -0.643731, -0.016527
0.141350, -0.650616, -0.016527
0.321402, -0.666336, -0.005250
0.359682, -0.659687, 0.024253
0.437646, -0.651320, 0.024253
0.441952, -0.649746, 0.027736
0.454005, -0.645510, 0.035690
0.465765, -0.639980, 0.047531
0.508475, -0.625747, 0.047531
0.529578, -0.613454, 0.064125
0.572435, -0.590060, 0.081007
0.581217, -0.583537, 0.088966
0.812925, -0.444879, 0.088966
0.824611, -0.434840, 0.097909
0.836641, -0.425264, 0.099626
0.849692, -0.410709, 0.110601
0.863217, -0.375700, 0.165558
0.885736, -0.376381, 0.110601
0.887274, -0.372580, 0.116405
0.882099, -0.369083, 0.137328
0.886099, -0.351970, 0.157718
0.903731, -0.347635, 0.116405
0.899445, -0.346434, 0.130607
0.900509, -0.324822, 0.151267
0.907774, -0.343401, 0.108933
0.916338, -0.320092, 0.108933
0.915625, -0.320112, 0.111051
0.922174, -0.309528, 0.095254
0.923026, -0.307414, 0.093459
0.936816, -0.238524, 0.040486
0.936816, -0.213350, 0.016570
0.929060, -0.138353, 0.016570
0.925848, -0.109250, 0.014713
0.922278, -0.079070, 0.014713
0.921201, -0.074382, 0.018903
0.901188, -0.011667, 0.019278
0.901323, -0.011973, 0.018903
0.896030, -0.000974, 0.027879
0.862964, 0.057943, 0.027879
0.860137, 0.062673, 0.029636
0.828604, 0.110468, 0.029636
0.818886, 0.122875, 0.020472
0.736986, 0.217919, 0.020472
0.700501, 0.257305, -0.003481
0.656939, 0.298793, -0.003481
0.602280, 0.344718, -0.035140
0.525705, 0.404568, -0.035140
0.468187, 0.445431, -0.075599
0.331005, 0.527523, -0.075599
0.293364, 0.547928, -0.088913
0.100829, 0.645940, -0.088913
0.083812, 0.653385, -0.075878
0.000083, 0.681288, -0.075878
-0.030231, 0.690598, -0.070055
-0.107546, 0.712934, -0.070055
-0.131683, 0.717960, -0.049514
-0.199798, 0.725270, -0.049514
-0.205133, 0.725804, -0.049190
-0.310050, 0.735645, -0.049190
-0.324924, 0.735645, -0.035732
-0.371652, 0.731262, -0.035732
-0.381590, 0.730267, -0.035128
-0.383519, 0.729890, -0.033232
-0.395041, 0.727490, -0.023427
-0.431545, 0.716944, -0.023427
-0.437620, 0.715079, -0.022260
-0.441445, 0.713549, -0.017785
-0.454909, 0.707659, -0.007471
-0.553075, 0.657686, -0.007471
-0.554874, 0.656711, -0.008107
-0.683486, 0.579747, -0.008107
-0.701005, 0.567301, -0.020430
-0.762589, 0.519167, -0.020430
-0.778233, 0.506023, -0.029491
-0.790849, 0.494007, -0.029491
-0.794129, 0.490467, -0.031644
-0.826982, 0.452342, -0.031644
-0.827795, 0.451304, -0.032410
-0.827909, 0.451131, -0.032410
-0.832330, 0.443733, -0.029663
-0.848750, 0.414477, -0.029663
-0.850344, 0.411172, -0.027004
-0.853255, 0.404568, -0.018893
-0.853089, 0.404578, -0.017255
-0.861093, 0.365789, 0.026464
-0.865671, 0.361683, -0.006396
-0.862476, 0.375616, -0.018893
-0.865597, 0.362023, -0.006747
-0.866319, 0.355808, -0.006021
-0.872171, 0.284733, 0.007737
-0.872171, 0.299216, -0.006021
-0.855297, 0.122979, 0.009079
-0.857619, 0.144013, 0.007737
-0.840815, 0.000565, 0.009079
-0.834214, -0.027864, -0.015576
-0.814682, -0.089186, -0.015576
-0.834631, -0.026370, -0.014989
-0.803012, -0.123652, -0.022528
-0.802162, -0.125966, -0.022528
-0.787624, -0.156106, -0.046770
-0.758673, -0.207691, -0.046770
-0.741856, -0.235827, -0.057220
-0.726328, -0.259363, -0.057220
-0.718316, -0.265964, -0.035349
-0.722913, -0.263724, -0.060440
-0.655855, -0.341543, -0.060440
-0.639619, -0.359070, -0.049781
-0.637037, -0.361529, -0.045423
-0.663251, -0.321554, 0.032079
-0.614803, -0.380211, -0.032545
-0.552896, -0.428597, -0.032545
-0.526321, -0.447476, -0.013852
-0.468986, -0.481787, -0.013852
-0.463557, -0.484730, -0.015772
-0.293880, -0.571105, -0.015772
-0.254223, -0.588456, -0.046150
-0.237407, -0.594060, -0.046150
-0.226171, -0.597510, -0.048308
-0.130147, -0.625252, -0.048308
-0.123514, -0.626633, -0.053953
0.049735, -0.645224, -0.053953
0.103602, -0.650616, -0.050680
0.286193, -0.667743, -0.050680
0.321402, -0.667743, -0.018825
0.380921, -0.662160, -0.018825
0.405635, -0.659687, -0.017323
0.419086, -0.658243, -0.017323
0.433839, -0.655171, -0.004768
0.478964, -0.642134, -0.004768
0.489764, -0.638817, -0.002694
0.496278, -0.636647, -0.002694
0.498233, -0.635791, -0.004191
0.609442, -0.579180, -0.004191
0.629871, -0.568105, 0.003035
0.758256, -0.491277, 0.003035
0.793563, -0.466194, 0.027870
0.864003, -0.408990, 0.049105
0.836510, -0.432626, 0.027870
0.859213, -0.413551, 0.041020
0.868404, -0.404238, 0.051994
0.886331, -0.376900, 0.104995
0.894811, -0.373593, 0.051994
0.897844, -0.369722, 0.054854
0.899655, -0.367153, 0.058631
0.898586, -0.366803, 0.071541
0.908288, -0.343782, 0.104355
0.917711, -0.334983, 0.058631
0.916912, -0.335029, 0.066511
0.919931, -0.329947, 0.052445
0.928740, -0.302290, 0.052445
0.930167, -0.296071, 0.046888
0.931505, -0.289875, 0.040492
0.931515, -0.289778, 0.040486
0.932041, -0.213350, -0.027290
0.925848, -0.183861, -0.056167
0.925425, -0.182222, -0.058007
0.912801, -0.075519, -0.058007
0.912922, -0.071585, -0.053302
0.913512, -0.071209, -0.048208
0.901288, -0.011971, 0.018559
0.891342, -0.012850, -0.053302
0.889043, 0.000457, -0.035178
0.879580, 0.018516, -0.028321
0.824087, 0.102627, -0.028321
0.806251, 0.133285, -0.014019
0.709645, 0.243361, -0.030516
0.673319, 0.272905, -0.056603
0.590655, 0.351632, -0.056603
0.527843, 0.397125, -0.092188
0.470867, 0.442481, -0.084056
0.400791, 0.479458, -0.115189
0.274009, 0.555327, -0.115188
0.196473, 0.593362, -0.130555
0.101895, 0.644988, -0.093300
0.228047, 0.577172, -0.131809
0.068339, 0.655043, -0.101580
-0.023861, 0.685769, -0.101580
-0.047641, 0.692189, -0.106326
-0.074821, 0.700744, -0.098922
-0.106502, 0.711878, -0.078014
-0.187296, 0.719774, -0.084535
-0.238505, 0.725270, -0.084535
-0.299354, 0.730582, -0.088346
-0.310050, 0.732620, -0.078371
-0.325601, 0.731262, -0.077397
-0.359099, 0.727667, -0.077397
-0.379663, 0.725657, -0.075738
-0.385975, 0.725833, -0.068549
-0.390315, 0.724661, -0.067683
-0.443563, 0.706916, -0.067683
-0.448363, 0.705478, -0.066499
-0.489332, 0.683114, -0.082637
-0.503836, 0.676221, -0.077392
-0.701734, 0.557795, -0.077393
-0.716919, 0.549782, -0.070646
-0.753143, 0.520946, -0.075816
-0.753280, 0.520793, -0.075932
-0.809014, 0.467713, -0.075932
-0.809090, 0.467651, -0.075877
-0.812949, 0.463536, -0.072937
-0.809582, 0.467090, -0.075793
-0.838184, 0.426749, -0.067166
-0.834708, 0.430556, -0.072937
-0.835662, 0.429390, -0.071828
-0.841041, 0.422301, -0.063494
-0.855436, 0.386496, -0.054815
-0.851180, 0.394705, -0.063494
-0.858253, 0.379404, -0.049209
-0.856471, 0.383826, -0.052965
-0.865597, 0.317325, -0.049209
-0.869292, 0.299216, -0.032473
-0.865689, 0.316371, -0.049272
-0.857619, 0.177944, -0.024498
-0.846721, 0.085829, -0.024498
-0.809749, -0.091002, -0.059327
-0.804994, -0.100173, -0.069022
-0.782553, -0.161252, -0.069022
-0.753446, -0.208328, -0.096417
-0.770201, -0.180486, -0.084902
-0.703858, -0.279424, -0.112457
-0.739643, -0.225184, -0.112457
-0.677706, -0.308220, -0.125044
-0.691875, -0.292076, -0.122625
-0.601408, -0.381798, -0.120335
-0.675125, -0.310320, -0.126898
-0.609212, -0.373094, -0.126898
-0.579739, -0.399047, -0.117242
-0.539255, -0.420409, -0.135228
-0.375562, -0.518367, -0.135228
-0.348785, -0.531093, -0.144911
-0.328555, -0.541467, -0.144108
-0.272665, -0.571974, -0.122092
-0.256279, -0.576884, -0.126135
-0.153667, -0.611080, -0.126135
-0.131199, -0.618860, -0.112541
-0.152232, -0.611468, -0.126422
0.125274, -0.645224, -0.122298
-0.010309, -0.630675, -0.122298
0.255008, -0.660613, -0.091237
0.286193, -0.666554, -0.062154
0.182467, -0.650217, -0.125880
0.336515, -0.662160, -0.059002
0.423229, -0.654053, -0.048900
0.361205, -0.659511, -0.059002
0.418413, -0.653920, -0.054384
0.441191, -0.649204, -0.045315
0.499428, -0.629796, -0.045315
0.507722, -0.627311, -0.043268
0.545783, -0.606535, -0.058261
0.578264, -0.591097, -0.046515
0.694227, -0.521703, -0.046515
0.764119, -0.484823, -0.015464
0.796979, -0.458665, -0.020154
0.816485, -0.444537, -0.009103
0.872851, -0.392754, 0.000699
0.863340, -0.399914, -0.009103
0.869546, -0.394866, -0.004646
0.877450, -0.387898, 0.004602
0.911357, -0.337657, 0.009149
0.910846, -0.337280, 0.004602
0.918894, -0.330007, 0.042227
0.926193, -0.294638, 0.002363
0.912127, -0.329863, -0.005499
0.925282, -0.294058, -0.005499
0.931515, -0.218814, -0.026930
0.924734, -0.276137, -0.026930
0.907386, -0.182222, -0.111811
0.904988, -0.181564, -0.118730
0.898511, -0.167328, -0.133024
0.912785, -0.075519, -0.058055
0.894674, -0.160580, -0.141098
0.883637, -0.080733, -0.141098
0.887134, -0.069124, -0.126913
0.889274, -0.068193, -0.120605
0.886615, -0.014175, -0.068967
0.860691, -0.008326, -0.126913
0.859571, -0.004714, -0.125797
0.859739, -0.003026, -0.123561
0.839147, 0.038195, -0.105091
0.649001, 0.274198, -0.105091
0.644144, 0.283129, -0.100221
0.529820, 0.392008, -0.100221
0.469194, 0.421918, -0.131708
0.386233, 0.482544, -0.131708
0.318158, 0.513390, -0.160757
0.195264, 0.593702, -0.130911
0.036122, 0.656482, -0.130911
0.013399, 0.662337, -0.136329
-0.008922, 0.671419, -0.131145
-0.157692, 0.708344, -0.107067
-0.216270, 0.715689, -0.107067
-0.293012, 0.722103, -0.112768
-0.299354, 0.724720, -0.106703
-0.323745, 0.722682, -0.104892
-0.382977, 0.716012, -0.102682
-0.360499, 0.718073, -0.104892
-0.396508, 0.709017, -0.110523
-0.395561, 0.709261, -0.110748
-0.495312, 0.670040, -0.110522
-0.608535, 0.588805, -0.150110
-0.655201, 0.567660, -0.130196
-0.501124, 0.664832, -0.115604
-0.736958, 0.507913, -0.130196
-0.763272, 0.494931, -0.116530
-0.784609, 0.476266, -0.112418
-0.778268, 0.480649, -0.116530
-0.815897, 0.440073, -0.107984
-0.811062, 0.443432, -0.112418
-0.815012, 0.440465, -0.109171
-0.818767, 0.437168, -0.105318
-0.837147, 0.399233, -0.100656
-0.833544, 0.403193, -0.105318
-0.837260, 0.399043, -0.100527
-0.847116, 0.323654, -0.102100
-0.838800, 0.383810, -0.102100
-0.847787, 0.316371, -0.102668
-0.826867, 0.213527, -0.128773
-0.833439, 0.284833, -0.134334
-0.803548, 0.044834, -0.128773
-0.788362, -0.105355, -0.113272
-0.772587, -0.132028, -0.131224
-0.728103, -0.229971, -0.135898
-0.768974, -0.135999, -0.135898
-0.698400, -0.264160, -0.155887
-0.713715, -0.244535, -0.149267
-0.694396, -0.267168, -0.159179
-0.653533, -0.317886, -0.159179
-0.616071, -0.355341, -0.154767
-0.650344, -0.320091, -0.161246
-0.623325, -0.345823, -0.161246
-0.522037, -0.424060, -0.154767
-0.447456, -0.461253, -0.176609
-0.473749, -0.445939, -0.175372
-0.300199, -0.549447, -0.152451
-0.227374, -0.578175, -0.152451
-0.194771, -0.586576, -0.160225
-0.193370, -0.587146, -0.159899
-0.153181, -0.608705, -0.134139
0.017621, -0.626736, -0.144019
-0.052661, -0.617924, -0.144019
0.182352, -0.650170, -0.125990
0.127156, -0.635892, -0.152156
0.326592, -0.654630, -0.085920
0.344640, -0.652367, -0.085920
0.421364, -0.645330, -0.078378
0.440154, -0.635250, -0.090423
0.453333, -0.631855, -0.087281
0.552005, -0.592930, -0.087281
0.567720, -0.578847, -0.101019
0.628882, -0.535556, -0.120667
0.812840, -0.417610, -0.084602
0.635537, -0.527521, -0.127604
0.776179, -0.424742, -0.127604
0.793344, -0.416273, -0.118688
0.809208, -0.414151, -0.097974
0.871391, -0.336971, -0.097974
0.877049, -0.334466, -0.090392
0.882781, -0.338240, -0.072116
0.906664, -0.328333, -0.023601
0.901963, -0.277183, -0.090392
0.909031, -0.280257, -0.069559
0.921999, -0.276216, -0.035058
0.894976, -0.253990, -0.118730
0.867375, -0.160580, -0.187308
0.863524, -0.155134, -0.192551
0.883426, -0.080747, -0.141457
0.861827, -0.153307, -0.194757
0.850366, -0.084393, -0.194757
0.853989, -0.077929, -0.187320
0.857438, -0.076407, -0.181458
0.809451, 0.005320, -0.187320
0.808143, 0.006195, -0.188201
0.690197, 0.131381, -0.213205
0.658211, 0.199766, -0.179382
0.419041, 0.427547, -0.179381
0.401233, 0.435102, -0.187770
0.320142, 0.504400, -0.172345
0.260033, 0.519720, -0.192334
0.114765, 0.590214, -0.192334
0.113157, 0.590596, -0.192772
-0.088799, 0.677926, -0.140358
-0.208583, 0.695994, -0.140358
-0.275454, 0.701199, -0.146010
-0.293012, 0.712460, -0.129908
-0.326595, 0.709846, -0.127070
-0.397110, 0.700849, -0.124344
-0.373471, 0.702775, -0.127070
-0.450258, 0.662627, -0.154416
-0.601236, 0.588586, -0.155538
-0.609021, 0.586601, -0.152949
-0.450722, 0.662012, -0.154979
-0.452540, 0.660743, -0.155538
-0.685252, 0.524649, -0.162545
-0.720290, 0.509784, -0.146040
-0.671223, 0.533445, -0.164782
-0.781086, 0.457876, -0.139259
-0.769144, 0.463256, -0.146040
-0.791677, 0.447313, -0.136214
-0.789946, 0.448472, -0.137381
-0.813424, 0.407237, -0.135793
-0.812941, 0.407567, -0.136214
-0.814049, 0.406449, -0.135325
-0.817667, 0.366163, -0.140204
-0.823958, 0.328335, -0.140204
-0.827690, 0.284833, -0.144064
-0.783159, 0.192662, -0.197876
-0.778505, 0.138433, -0.193063
-0.809139, 0.258596, -0.169326
-0.786170, 0.202501, -0.195081
-0.740929, -0.140683, -0.179066
-0.751309, -0.025102, -0.193063
-0.710848, -0.184529, -0.197342
-0.713164, -0.175700, -0.199870
-0.663722, -0.272614, -0.197342
-0.663515, -0.273350, -0.197085
-0.654514, -0.286388, -0.194885
-0.657750, -0.279469, -0.198307
-0.587937, -0.349794, -0.194885
-0.584597, -0.351211, -0.196458
-0.256316, -0.547545, -0.185934
-0.419414, -0.468400, -0.185934
-0.245447, -0.550132, -0.188898
-0.140945, -0.591417, -0.165946
-0.019141, -0.609790, -0.165946
0.101988, -0.619751, -0.175235
0.100169, -0.619076, -0.176030
0.298376, -0.641140, -0.116184
0.338445, -0.635096, -0.116184
0.441732, -0.626682, -0.104271
0.511628, -0.576416, -0.143819
0.522253, -0.562316, -0.156730
0.640525, -0.504923, -0.156730
0.666838, -0.469272, -0.181966
0.709966, -0.432417, -0.190170
0.710745, -0.432086, -0.189802
0.792998, -0.353750, -0.189802
0.798745, -0.351161, -0.186539
0.801417, -0.351033, -0.183804
0.801989, -0.350650, -0.183419
0.871051, -0.336825, -0.098645
0.854572, -0.252363, -0.183419
0.867283, -0.257974, -0.161818
0.892242, -0.253806, -0.123401
0.853367, -0.250213, -0.185893
0.854402, -0.238692, -0.187289
0.867356, -0.160793, -0.187289
0.829004, -0.153307, -0.230944
0.826117, -0.150236, -0.233563
0.848544, -0.084644, -0.196813
0.824267, -0.148854, -0.235151
0.810097, -0.081006, -0.235151
0.807833, -0.079294, -0.236566
0.800839, -0.072051, -0.239842
0.766713, -0.057488, -0.259692
0.631650, 0.135022, -0.259693
0.628575, 0.136318, -0.261149
0.407267, 0.347088, -0.261149
0.401742, 0.348361, -0.263103
0.147443, 0.510187, -0.263103
0.141681, 0.511435, -0.264811
0.119377, 0.530971, -0.255202
0.073556, 0.534061, -0.261174
-0.103007, 0.567509, -0.261173
-0.217137, 0.635115, -0.212055
-0.219112, 0.637512, -0.209894
-0.275454, 0.685561, -0.164112
-0.310026, 0.683098, -0.160925
-0.405091, 0.665089, -0.160925
-0.539719, 0.592496, -0.184149
-0.570001, 0.585941, -0.175171
-0.515619, 0.605491, -0.182715
-0.641852, 0.540218, -0.175171
-0.753508, 0.464229, -0.158455
-0.744871, 0.467868, -0.162545
-0.786965, 0.416541, -0.158455
-0.793507, 0.409406, -0.155593
-0.787080, 0.416062, -0.158604
-0.797436, 0.356567, -0.162823
-0.803863, 0.325792, -0.162823
-0.723540, 0.056113, -0.238567
-0.725488, 0.080924, -0.240969
-0.678215, -0.179007, -0.234721
-0.680305, -0.150893, -0.238567
-0.663288, -0.194465, -0.241713
-0.658356, -0.215131, -0.235280
-0.614969, -0.282129, -0.232276
-0.617025, -0.274042, -0.235280
-0.587543, -0.308249, -0.232276
-0.332983, -0.461082, -0.240261
-0.564970, -0.313454, -0.240261
-0.247826, -0.527328, -0.212774
-0.320331, -0.463820, -0.244011
-0.205510, -0.530182, -0.218289
-0.042854, -0.560996, -0.218288
0.038892, -0.566818, -0.225823
0.254049, -0.608922, -0.161219
0.522700, -0.558028, -0.161219
0.535613, -0.542549, -0.171380
0.623463, -0.465600, -0.209229
0.631285, -0.448976, -0.219382
0.712368, -0.397378, -0.219382
0.721918, -0.376822, -0.229603
0.742871, -0.356867, -0.229603
0.745213, -0.347657, -0.233024
0.792170, -0.280727, -0.233024
0.794362, -0.271543, -0.235883
0.811098, -0.254212, -0.228043
0.812199, -0.239402, -0.230070
0.828295, -0.162336, -0.230070
0.793361, -0.148854, -0.258100
0.786151, -0.142442, -0.262458
0.785784, -0.137448, -0.261956
0.764739, -0.062645, -0.261956
0.764434, -0.057397, -0.261182
0.720138, -0.016132, -0.271500
0.629249, 0.086509, -0.284193
0.625530, 0.102157, -0.279311
0.369732, 0.345774, -0.279311
0.352472, 0.349494, -0.284439
0.179531, 0.444021, -0.295401
0.143080, 0.479511, -0.286721
0.072163, 0.483252, -0.296686
-0.011848, 0.504690, -0.296686
-0.043482, 0.506798, -0.299715
-0.301571, 0.629489, -0.203971
-0.364339, 0.613471, -0.203971
-0.582047, 0.551284, -0.194228
-0.635693, 0.539720, -0.178290
-0.742232, 0.438254, -0.178290
-0.762698, 0.417031, -0.174541
-0.742891, 0.435483, -0.179154
-0.766666, 0.348793, -0.184608
-0.778517, 0.306671, -0.184608
-0.626583, -0.009200, -0.300431
-0.638037, 0.003153, -0.293842
-0.615089, -0.017893, -0.306412
-0.575446, -0.158796, -0.306412
-0.600007, -0.190117, -0.284352
-0.610121, -0.196579, -0.276465
-0.477894, -0.306415, -0.284352
-0.321856, -0.429039, -0.267883
-0.434423, -0.315785, -0.297267
-0.327572, -0.419820, -0.271823
-0.086240, -0.489165, -0.267883
0.038892, -0.497503, -0.279864
0.254438, -0.445853, -0.288297
0.078006, -0.457609, -0.305190
0.633120, -0.407096, -0.248125
0.347216, -0.422177, -0.288297
0.687502, -0.374040, -0.247030
0.661262, -0.379696, -0.254826
0.742865, -0.321314, -0.247030
0.749207, -0.294627, -0.255355
0.749645, -0.293899, -0.255404
0.772720, -0.272403, -0.250029
0.774545, -0.241026, -0.254658
0.790846, -0.183084, -0.254658
0.773285, -0.142442, -0.268681
0.756353, -0.128579, -0.274983
0.753501, -0.092842, -0.271500
0.628169, 0.086926, -0.284439
0.110705, 0.447649, -0.305073
0.044297, 0.473846, -0.305073
-0.035012, 0.479587, -0.312435
-0.043482, 0.505166, -0.300544
-0.224571, 0.211819, -0.391784
-0.312198, 0.177251, -0.391784
-0.577704, 0.430113, -0.244753
-0.070744, 0.399428, -0.339597
-0.304010, 0.105040, -0.407288
-0.351617, -0.004419, -0.407288
-0.359614, -0.013586, -0.405718
-0.455818, -0.052484, -0.374671
-0.499928, -0.052484, -0.357398
-0.301306, 0.151571, -0.400423
-0.533699, -0.143232, -0.328719
-0.428115, -0.139799, -0.370648
-0.420851, -0.132881, -0.374671
-0.032209, -0.320121, -0.360723
-0.401344, -0.125376, -0.380921
-0.156009, -0.222158, -0.380921
0.032161, -0.354105, -0.351807
0.078006, -0.404891, -0.331960
0.277522, -0.398652, -0.309274
0.212881, -0.395126, -0.319440
0.661217, -0.378427, -0.255355
0.751866, -0.255692, -0.261041
0.767028, -0.220829, -0.261041
0.714623, -0.128579, -0.286436
0.582664, -0.068386, -0.315468
0.347668, -0.068386, -0.350425
-0.183069, 0.058362, -0.409579
-0.260344, 0.131957, -0.409579
-0.260344, 0.140685, -0.408216
-0.264437, 0.116414, -0.411398
-0.297982, 0.084466, -0.411398
-0.304667, 0.036447, -0.415296
-0.357479, -0.028923, -0.404473
-0.379699, -0.104762, -0.389322
-0.300068, -0.083600, -0.404473
-0.287447, -0.085194, -0.405449
0.050032, -0.351849, -0.350425
-0.264437, 0.058362, -0.416830
-0.287447, 0.036447, -0.416830

0,1,2
0,2,3
0,3,4
0,4,5
6,7,8
6,8,3
6,3,2
9,8,7
9,7,10
9,10,11
4,3,8
4,8,9
12,13,14
12,14,15
12,15,16
17,18,0
17,0,5
17,5,13
17,13,12
19,1,0
19,0,18
19,18,20
19,20,21
22,23,24
22,24,25
22,25,26
22,26,19
22,19,21
22,21,27
22,27,28
26,29,30
26,30,6
26,6,2
26,2,1
26,1,19
25,31,29
25,29,26
30,32,10
30,10,7
30,7,6
11,10,32
11,32,33
11,33,34
34,33,35
34,35,36
34,36,37
38,39,40
14,13,5
14,5,4
14,4,9
14,9,11
14,11,34
14,34,37
14,37,41
14,41,38
14,38,40
14,40,42
14,42,43
14,43,44
14,44,45
45,44,46
45,46,47
45,47,48
45,48,49
45,49,50
51,50,49
51,49,52
51,52,53
51,53,54
55,15,14
55,14,45
55,45,50
55,50,51
56,57,17
56,17,12
56,12,16
56,16,58
59,20,18
59,18,17
59,17,57
27,21,20
27,20,59
27,59,60
61,62,63
61,63,23
61,23,22
63,64,65
63,65,24
63,24,23
66,67,68
66,68,65
66,65,64
24,65,68
24,68,69
24,69,70
24,70,31
24,31,25
69,71,72
69,72,73
69,73,74
69,74,70
73,75,74
70,74,75
70,75,76
70,76,77
70,77,78
70,78,79
70,79,80
70,80,81
70,81,82
70,82,35
70,35,33
70,33,32
70,32,30
70,30,29
70,29,31
79,83,84
79,84,80
35,82,85
35,85,36
37,36,85
37,85,86
37,86,41
40,39,87
40,87,88
40,88,42
43,89,90
43,90,46
43,46,44
46,90,91
46,91,92
46,92,93
46,93,47
48,47,93
48,93,94
52,49,48
52,48,94
52,94,95
52,95,96
97,53,52
97,52,96
97,96,98
97,98,99
97,99,100
101,54,53
101,53,97
102,103,55
102,55,51
102,51,54
102,54,101
102,101,104
102,104,105
58,16,15
58,15,55
58,55,103
106,60,59
106,59,57
106,57,56
106,56,107
108,28,27
108,27,60
108,60,106
109,110,111
109,111,112
109,112,61
109,61,22
109,22,28
109,28,108
112,113,114
112,114,115
112,115,62
112,62,61
115,116,117
115,117,66
115,66,64
115,64,63
115,63,62
118,119,117
118,117,116
117,119,120
117,120,67
117,67,66
68,67,120
68,120,121
68,121,122
68,122,71
68,71,69
122,123,124
122,124,125
122,125,126
122,126,127
122,127,72
122,72,71
125,128,129
125,129,130
125,130,126
126,130,131
126,131,132
126,132,127
72,127,132
72,132,133
72,133,76
72,76,75
72,75,73
77,134,135
77,135,136
77,136,78
78,136,137
78,137,83
78,83,79
84,83,137
84,137,138
85,82,81
85,81,139
85,139,86
41,86,139
41,139,140
41,140,87
41,87,39
41,39,38
42,88,141
42,141,142
42,142,143
42,143,144
42,144,145
42,145,89
42,89,43
146,91,90
146,90,89
146,89,145
146,145,147
92,91,146
92,146,148
92,148,149
94,93,92
94,92,149
94,149,150
94,150,95
150,149,148
150,148,151
150,151,152
150,152,153
96,95,150
96,150,153
96,153,154
96,154,98
99,98,154
99,154,155
99,155,156
157,100,99
157,99,156
157,156,158
157,158,159
157,159,160
161,162,104
161,104,101
161,101,97
161,97,100
161,100,157
163,162,161
163,161,164
163,164,165
166,105,104
166,104,162
166,162,163
167,168,102
167,102,105
167,105,166
167,166,169
170,107,56
170,56,58
170,58,103
170,103,102
170,102,168
170,168,171
172,173,174
172,174,175
172,175,176
172,176,109
172,109,108
172,108,106
172,106,107
172,107,170
172,170,177
176,178,110
176,110,109
179,180,181
179,181,182
179,182,183
179,183,111
179,111,110
179,110,178
182,184,185
182,185,183
111,183,185
111,185,186
111,186,187
111,187,113
111,113,112
187,188,189
187,189,114
187,114,113
114,189,190
114,190,118
114,118,116
114,116,115
190,191,192
190,192,121
190,121,120
190,120,119
190,119,118
192,193,194
192,194,123
192,123,122
192,122,121
194,195,196
194,196,197
194,197,124
194,124,123
124,197,198
124,198,128
124,128,125
198,199,200
198,200,201
198,201,129
198,129,128
129,201,202
129,202,203
129,203,131
129,131,130
132,131,203
132,203,204
132,204,133
76,133,204
76,204,205
76,205,206
76,206,207
76,207,208
76,208,134
76,134,77
208,209,210
208,210,211
208,211,135
208,135,134
211,210,212
211,212,213
211,213,214
138,137,136
138,136,135
138,135,211
138,211,214
138,214,215
215,214,213
215,213,216
215,216,217
139,81,80
139,80,84
139,84,138
139,138,215
139,215,217
139,217,218
139,218,140
140,218,219
140,219,220
140,220,221
140,221,222
140,222,223
140,223,224
140,224,225
140,225,226
140,226,141
140,141,88
140,88,87
141,226,227
141,227,228
141,228,229
141,229,142
142,229,230
142,230,143
147,145,144
147,144,231
147,231,232
151,148,146
151,146,147
151,147,232
151,232,233
234,152,151
234,151,233
234,233,235
234,235,236
154,153,152
154,152,234
154,234,237
154,237,155
238,237,234
238,234,236
238,236,239
238,239,240
156,155,237
156,237,238
156,238,158
159,158,238
159,238,240
159,240,241
159,241,242
243,160,159
243,159,242
243,242,244
243,244,245
243,245,246
243,246,247
248,164,161
248,161,157
248,157,160
248,160,243
249,165,164
249,164,248
249,248,250
249,250,251
252,169,166
252,166,163
252,163,165
252,165,249
253,254,167
253,167,169
253,169,252
253,252,255
256,171,168
256,168,167
256,167,254
256,254,257
258,177,170
258,170,171
258,171,256
258,256,259
260,261,262
260,262,174
260,174,173
260,173,263
174,262,264
174,264,265
174,265,266
174,266,175
175,266,267
175,267,179
175,179,178
175,178,176
267,268,269
267,269,270
267,270,180
267,180,179
270,271,272
270,272,273
270,273,181
270,181,180
181,273,274
181,274,275
181,275,184
181,184,182
185,184,275
185,275,276
185,276,277
185,277,186
186,277,278
186,278,188
186,188,187
278,279,280
278,280,191
278,191,190
278,190,189
278,189,188
280,281,193
280,193,192
280,192,191
282,283,284
282,284,285
282,285,286
282,286,195
282,195,194
282,194,193
282,193,281
286,287,196
286,196,195
285,288,289
285,289,287
285,287,286
196,287,289
196,289,290
196,290,199
196,199,198
196,198,197
290,291,292
290,292,293
290,293,200
290,200,199
202,201,200
202,200,293
202,293,294
202,294,295
204,203,202
204,202,295
204,295,296
204,296,205
205,296,297
205,297,298
205,298,299
205,299,206
206,299,300
206,300,301
206,301,302
206,302,207
207,302,303
207,303,304
207,304,209
207,209,208
304,305,212
304,212,210
304,210,209
213,212,305
213,305,306
213,306,307
213,307,216
217,216,307
217,307,308
217,308,309
217,309,219
217,219,218
219,309,310
219,310,220
222,311,312
222,312,313
222,313,314
222,314,223
223,314,315
223,315,316
223,316,317
223,317,318
223,318,319
223,319,224
224,319,320
224,320,321
224,321,225
225,321,322
225,322,227
225,227,226
230,229,228
230,228,323
230,323,324
231,144,143
231,143,230
231,230,324
231,324,325
233,232,231
233,231,325
233,325,326
233,326,327
233,327,328
233,328,235
236,235,328
236,328,329
236,329,239
329,328,327
329,327,330
329,330,331
329,331,332
240,239,329
240,329,332
240,332,333
240,333,241
333,332,331
333,331,334
333,334,335
333,335,336
242,241,333
242,333,336
242,336,244
244,336,335
244,335,337
244,337,245
247,246,338
247,338,339
247,339,340
247,340,341
247,341,342
247,342,343
344,250,248
344,248,243
344,243,247
344,247,343
344,343,345
344,345,346
347,251,250
347,250,344
347,344,348
349,255,252
349,252,249
349,249,251
349,251,347
350,351,253
350,253,255
350,255,349
352,257,254
352,254,253
352,253,351
352,351,353
354,259,256
354,256,257
354,257,352
355,356,172
355,172,177
355,177,258
357,263,173
357,173,172
357,172,356
358,359,264
358,264,262
358,262,261
264,359,360
264,360,361
264,361,362
264,362,265
265,362,363
265,363,268
265,268,267
265,267,266
363,364,365
363,365,366
363,366,269
363,269,268
269,366,367
269,367,368
269,368,271
269,271,270
368,369,370
368,370,371
368,371,272
368,272,271
272,371,372
272,372,373
272,373,274
272,274,273
274,373,374
274,374,276
274,276,275
276,374,375
276,375,376
276,376,279
276,279,278
276,278,277
376,377,378
376,378,282
376,282,281
376,281,280
376,280,279
378,379,380
378,380,283
378,283,282
380,381,382
380,382,383
380,383,384
380,384,284
380,284,283
383,385,386
383,386,387
383,387,388
383,388,384
284,384,388
284,388,389
284,389,288
284,288,285
388,387,390
388,390,391
388,391,389
389,391,392
389,392,291
389,291,290
389,290,289
389,289,288
392,393,394
392,394,395
392,395,292
392,292,291
293,292,395
293,395,396
293,396,397
293,397,294
295,294,397
295,397,398
295,398,297
295,297,296
297,398,399
297,399,400
297,400,401
297,401,298
298,401,402
298,402,403
298,403,300
298,300,299
300,403,404
300,404,405
300,405,406
300,406,301
301,406,407
301,407,408
301,408,303
301,303,302
303,408,409
303,409,410
303,410,306
303,306,305
303,305,304
307,306,410
307,410,411
307,411,308
308,411,412
308,412,413
308,413,414
308,414,310
308,310,309
220,310,414
220,414,415
220,415,221
221,415,416
221,416,311
221,311,222
313,417,418
313,418,315
313,315,314
315,418,419
315,419,420
315,420,316
317,421,422
317,422,423
317,423,318
318,423,424
318,424,425
318,425,320
318,320,319
322,321,320
322,320,425
322,425,426
322,426,427
323,228,227
323,227,322
323,322,427
323,427,428
323,428,429
325,324,323
325,323,429
325,429,430
325,430,431
325,431,326
327,326,431
327,431,432
327,432,433
327,433,434
327,434,330
434,433,435
434,435,436
434,436,437
331,330,434
331,434,437
331,437,438
331,438,334
438,437,436
438,436,439
438,439,440
335,334,438
335,438,440
335,440,441
335,441,337
441,440,439
441,439,442
441,442,443
441,443,444
245,337,441
245,441,444
245,444,338
245,338,246
338,444,443
338,443,445
338,445,446
338,446,339
342,341,447
342,447,448
342,448,449
345,343,342
345,342,449
345,449,450
345,450,451
345,451,452
453,346,345
453,345,452
453,452,454
455,348,344
455,344,346
455,346,453
456,457,350
456,350,349
456,349,347
456,347,348
456,348,455
458,353,351
458,351,350
458,350,457
459,460,354
459,354,352
459,352,353
459,353,458
461,462,355
461,355,258
461,258,259
461,259,354
461,354,460
463,464,357
463,357,356
463,356,355
463,355,462
465,466,260
465,260,263
465,263,357
465,357,464
467,468,469
467,469,358
467,358,261
467,261,260
467,260,466
469,470,471
469,471,360
469,360,359
469,359,358
471,472,473
471,473,361
471,361,360
361,473,474
361,474,475
361,475,364
361,364,363
361,363,362
475,476,477
475,477,365
475,365,364
365,477,478
365,478,479
365,479,480
365,480,367
365,367,366
367,480,481
367,481,369
367,369,368
481,482,483
481,483,484
481,484,370
481,370,369
370,484,485
370,485,372
370,372,371
372,485,486
372,486,375
372,375,374
372,374,373
375,486,487
375,487,488
375,488,377
375,377,376
488,489,490
488,490,379
488,379,378
488,378,377
490,491,492
490,492,381
490,381,380
490,380,379
492,493,494
492,494,382
492,382,381
382,494,495
382,495,496
382,496,497
382,497,385
382,385,383
497,498,499
497,499,500
497,500,501
497,501,386
497,386,385
386,501,502
386,502,390
386,390,387
503,502,501
503,501,500
503,500,504
503,504,505
506,393,392
506,392,391
506,391,390
506,390,502
506,502,503
507,394,393
507,393,506
507,506,508
509,396,395
509,395,394
509,394,507
509,507,510
397,396,509
397,509,511
397,511,399
397,399,398
512,513,400
512,400,399
512,399,511
512,511,514
400,513,515
400,515,516
400,516,402
400,402,401
402,516,517
402,517,518
402,518,404
402,404,403
404,518,519
404,519,520
404,520,521
404,521,405
520,522,523
520,523,524
520,524,525
520,525,526
520,526,521
407,526,525
407,525,527
407,527,409
407,409,408
410,409,527
410,527,528
410,528,529
410,529,412
410,412,411
412,529,530
412,530,413
414,413,530
414,530,531
414,531,532
414,532,416
414,416,415
416,532,533
416,533,534
416,534,312
416,312,311
312,534,535
312,535,536
312,536,417
312,417,313
536,537,538
536,538,539
536,539,419
536,419,418
536,418,417
419,539,540
419,540,541
419,541,420
316,420,541
316,541,542
316,542,543
316,543,421
316,421,317
543,544,545
543,545,422
543,422,421
424,423,422
424,422,545
424,545,546
424,546,547
426,425,424
426,424,547
426,547,548
428,427,426
428,426,548
428,548,549
428,549,550
428,550,551
430,429,428
430,428,551
430,551,552
430,552,553
554,432,431
554,431,430
554,430,553
554,553,555
554,555,556
435,433,432
435,432,554
435,554,557
435,557,558
558,557,559
558,559,560
558,560,561
558,561,562
439,436,435
439,435,558
439,558,562
439,562,563
439,563,442
563,562,561
563,561,564
563,564,565
443,442,563
443,563,565
443,565,445
445,565,564
445,564,566
445,566,567
445,567,446
339,446,567
339,567,568
339,568,340
340,568,569
340,569,570
340,570,447
340,447,341
449,448,571
449,571,572
449,572,450
451,450,572
451,572,573
451,573,574
451,574,575
451,575,576
454,452,451
454,451,576
454,576,577
577,576,575
577,575,578
577,578,579
456,455,453
456,453,454
456,454,577
456,577,579
456,579,580
580,581,582
580,582,459
580,459,458
580,458,457
580,457,456
582,583,461
582,461,460
582,460,459
584,585,463
584,463,462
584,462,461
584,461,583
586,587,465
586,465,464
586,464,463
586,463,585
588,589,467
588,467,466
588,466,465
588,465,587
590,591,468
590,468,467
590,467,589
590,589,592
593,594,470
593,470,469
593,469,468
593,468,591
595,596,597
595,597,472
595,472,471
595,471,470
595,470,594
597,598,599
597,599,474
597,474,473
597,473,472
474,599,600
474,600,601
474,601,476
474,476,475
601,602,478
601,478,477
601,477,476
478,602,603
478,603,604
478,604,605
478,605,479
479,605,606
479,606,482
479,482,481
479,481,480
606,607,608
606,608,483
606,483,482
483,608,609
483,609,610
483,610,487
483,487,486
483,486,485
483,485,484
487,610,611
487,611,612
487,612,489
487,489,488
612,613,491
612,491,490
612,490,489
614,615,616
614,616,493
614,493,492
614,492,491
614,491,613
617,495,494
617,494,493
617,493,616
617,616,618
619,496,495
619,495,617
619,617,620
619,620,621
622,498,497
622,497,496
622,496,619
623,499,498
623,498,622
623,622,624
625,504,500
625,500,499
625,499,623
625,623,626
505,504,625
505,625,627
628,508,506
628,506,503
628,503,505
628,505,627
628,627,629
630,510,507
630,507,508
630,508,628
514,511,509
514,509,510
514,510,630
514,630,631
632,515,513
632,513,512
633,634,517
633,517,516
633,516,515
633,515,632
635,519,518
635,518,517
635,517,634
635,634,636
637,522,520
637,520,519
637,519,635
637,635,638
639,523,522
639,522,637
639,637,640
641,524,523
641,523,639
641,639,642
641,642,643
527,525,524
527,524,641
527,641,644
527,644,528
530,529,528
530,528,644
530,644,645
530,645,646
530,646,531
531,646,647
531,647,648
531,648,649
531,649,533
531,533,532
533,649,650
533,650,651
533,651,535
533,535,534
652,537,536
652,536,535
652,535,651
652,651,653
654,538,537
654,537,652
654,652,655
656,657,540
656,540,539
656,539,538
656,538,654
656,654,658
541,540,657
541,657,659
541,659,542
660,544,543
660,543,542
660,542,659
660,659,661
660,661,662
546,545,544
546,544,660
546,660,663
548,547,546
548,546,663
548,663,664
548,664,665
548,665,549
550,549,665
550,665,666
550,666,667
552,551,550
552,550,667
552,667,668
552,668,669
555,553,552
555,552,669
555,669,670
555,670,671
672,556,555
672,555,671
672,671,673
672,673,674
675,559,557
675,557,554
675,554,556
675,556,672
676,560,559
676,559,675
676,675,677
564,561,560
564,560,676
564,676,678
564,678,566
679,678,676
679,676,677
679,677,680
679,680,681
567,566,678
567,678,679
567,679,569
567,569,568
682,570,569
682,569,679
682,679,681
682,681,683
447,570,682
447,682,571
447,571,448
573,684,685
573,685,686
573,686,687
573,687,574
687,686,688
687,688,689
687,689,690
687,690,691
575,574,687
575,687,691
575,691,692
575,692,578
692,691,690
692,690,693
692,693,694
692,694,695
579,578,692
579,692,695
579,695,696
579,696,581
579,581,580
581,696,697
581,697,698
581,698,584
581,584,583
581,583,582
698,699,586
698,586,585
698,585,584
700,701,588
700,588,587
700,587,586
700,586,699
702,592,589
702,589,588
702,588,701
703,704,593
703,593,591
703,591,590
705,706,595
705,595,594
705,594,593
705,593,704
707,708,598
707,598,597
707,597,596
709,710,600
709,600,599
709,599,598
709,598,708
600,710,711
600,711,603
600,603,602
600,602,601
712,604,603
712,603,711
712,711,713
714,607,606
714,606,605
714,605,604
714,604,712
714,712,715
716,609,608
716,608,607
716,607,714
717,718,611
717,611,610
717,610,609
717,609,716
717,716,719
720,721,614
720,614,613
720,613,612
720,612,611
720,611,718
722,615,614
722,614,721
722,721,723
724,618,616
724,616,615
724,615,722
724,722,725
724,725,726
727,620,617
727,617,618
727,618,724
728,621,620
728,620,727
728,727,729
730,624,622
730,622,619
730,619,621
730,621,728
731,626,623
731,623,624
731,624,730
731,730,732
629,627,625
629,625,626
629,626,731
629,731,733
734,631,630
734,630,628
734,628,629
734,629,733
734,733,735
736,737,633
736,633,632
736,632,512
736,512,514
736,514,631
736,631,734
738,636,634
738,634,633
738,633,737
739,638,635
739,635,636
739,636,738
739,738,740
741,640,637
741,637,638
741,638,739
741,739,742
743,744,642
743,642,639
743,639,640
743,640,741
745,643,642
745,642,744
745,744,746
745,746,747
645,644,641
645,641,643
645,643,745
645,745,748
749,647,646
749,646,645
749,645,748
749,748,750
650,649,648
650,648,751
650,751,752
653,651,650
653,650,752
653,752,753
653,753,754
653,754,755
756,655,652
756,652,653
756,653,755
756,755,757
758,658,654
758,654,655
758,655,756
758,756,759
760,661,659
760,659,657
760,657,656
662,661,760
662,760,761
662,761,762
664,663,660
664,660,662
664,662,762
664,762,763
664,763,764
666,665,664
666,664,764
666,764,765
668,667,666
668,666,765
668,765,766
668,766,767
768,670,669
768,669,668
768,668,767
768,767,769
768,769,770
768,770,771
768,771,772
671,670,768
671,768,673
674,673,768
674,768,772
674,772,773
674,773,774
674,774,775
680,677,675
680,675,672
680,672,674
680,674,775
680,775,776
776,775,774
776,774,777
776,777,778
683,681,680
683,680,776
683,776,778
683,778,779
779,778,777
779,777,780
779,780,685
779,685,684
572,571,682
572,682,683
572,683,779
572,779,684
572,684,573
688,781,782
688,782,783
688,783,689
783,782,784
783,784,785
783,785,786
783,786,787
690,689,783
690,783,787
690,787,693
693,787,786
693,786,788
693,788,694
695,694,788
695,788,789
695,789,790
695,790,791
695,791,697
695,697,696
697,791,792
697,792,700
697,700,699
697,699,698
792,793,794
792,794,702
792,702,701
792,701,700
794,795,796
794,796,703
794,703,590
794,590,592
794,592,702
796,797,705
796,705,704
796,704,703
798,799,707
798,707,596
798,596,595
798,595,706
800,801,709
800,709,708
800,708,707
800,707,799
802,713,711
802,711,710
802,710,709
802,709,801
803,715,712
803,712,713
803,713,802
803,802,804
805,719,716
805,716,714
805,714,715
805,715,803
806,807,717
806,717,719
806,719,805
806,805,808
806,808,809
810,811,720
810,720,718
810,718,717
810,717,807
810,807,812
813,723,721
813,721,720
813,720,811
813,811,814
815,725,722
815,722,723
815,723,813
815,813,816
817,726,725
817,725,815
817,815,818
819,729,727
819,727,724
819,724,726
819,726,817
820,821,732
820,732,730
820,730,728
820,728,729
820,729,819
735,733,731
735,731,732
735,732,821
735,821,822
823,824,736
823,736,734
823,734,735
823,735,822
823,822,825
823,825,826
827,740,738
827,738,737
827,737,736
827,736,824
827,824,828
829,742,739
829,739,740
829,740,827
829,827,830
831,832,743
831,743,741
831,741,742
831,742,829
833,746,744
833,744,743
833,743,832
833,832,834
747,746,833
747,833,835
750,748,745
750,745,747
750,747,835
750,835,836
837,751,648
837,648,647
837,647,749
837,749,838
753,752,751
753,751,837
753,837,839
757,755,754
757,754,840
757,840,841
842,759,756
842,756,757
842,757,841
842,841,843
844,761,760
844,760,656
844,656,658
844,658,758
763,762,761
763,761,844
763,844,845
763,845,846
765,764,763
765,763,846
765,846,847
765,847,766
767,766,847
767,847,848
767,848,849
767,849,769
769,849,850
769,850,851
769,851,852
769,852,770
771,770,852
771,852,853
771,853,854
771,854,855
773,772,771
773,771,855
773,855,856
773,856,857
857,856,858
857,858,859
777,774,773
777,773,857
777,857,859
777,859,860
777,860,780
860,859,858
860,858,861
860,861,862
860,862,863
685,780,860
685,860,863
685,863,781
685,781,688
685,688,686
785,784,864
785,864,865
785,865,866
866,865,867
866,867,868
788,786,785
788,785,866
788,866,868
788,868,869
788,869,870
788,870,789
789,870,871
789,871,872
789,872,790
790,872,873
790,873,874
790,874,793
790,793,792
790,792,791
874,875,876
874,876,795
874,795,794
874,794,793
876,877,878
876,878,797
876,797,796
876,796,795
878,879,880
878,880,881
878,881,882
878,882,798
878,798,706
878,706,705
878,705,797
882,883,800
882,800,799
882,799,798
884,804,802
884,802,801
884,801,800
884,800,883
885,808,805
885,805,803
885,803,804
885,804,884
886,887,806
886,806,809
886,809,888
889,812,807
889,807,806
889,806,887
890,814,811
890,811,810
890,810,891
892,816,813
892,813,814
892,814,890
893,818,815
893,815,816
893,816,892
893,892,894
895,896,820
895,820,819
895,819,817
895,817,818
895,818,893
822,821,820
822,820,896
822,896,825
897,828,824
897,824,823
897,823,898
899,830,827
899,827,828
899,828,897
899,897,900
901,902,831
901,831,829
901,829,830
901,830,899
903,834,832
903,832,831
903,831,902
903,902,904
836,835,833
836,833,834
836,834,903
836,903,905
906,838,749
906,749,750
906,750,836
906,836,905
906,905,907
908,839,837
908,837,838
908,838,906
908,906,909
840,754,753
840,753,839
840,839,908
840,908,910
840,910,911
843,841,840
843,840,911
843,911,912
913,845,844
913,844,758
913,758,759
913,759,842
847,846,845
847,845,913
847,913,914
847,914,848
848,914,915
848,915,916
848,916,850
848,850,849
850,916,917
850,917,918
850,918,851
852,851,918
852,918,919
852,919,920
852,920,853
854,853,920
854,920,921
854,921,922
858,856,855
858,855,854
858,854,922
858,922,923
858,923,924
858,924,861
861,924,925
861,925,926
861,926,862
863,862,926
863,926,864
863,864,784
863,784,782
863,782,781
868,867,927
868,927,928
868,928,929
868,929,869
869,929,930
869,930,931
869,931,871
869,871,870
871,931,932
871,932,933
871,933,934
871,934,873
871,873,872
873,934,935
873,935,875
873,875,874
935,936,937
935,937,938
935,938,877
935,877,876
935,876,875
938,939,940
938,940,879
938,879,878
938,878,877
940,941,880
940,880,879
881,942,885
881,885,884
881,884,883
881,883,882
888,809,808
888,808,885
888,885,942
888,942,943
944,945,889
944,889,887
944,887,886
946,891,810
946,810,812
946,812,889
946,889,945
947,894,892
947,892,890
947,890,891
947,891,946
947,946,948
949,950,895
949,895,893
949,893,894
949,894,947
826,825,896
826,896,895
826,895,950
951,900,897
951,897,898
951,898,952
953,954,955
953,955,956
953,956,901
953,901,899
953,899,900
953,900,951
956,904,902
956,902,901
907,905,903
907,903,904
907,904,956
907,956,955
907,955,957
958,909,906
958,906,907
958,907,957
958,957,959
958,959,960
961,910,908
961,908,909
961,909,958
912,911,910
912,910,961
912,961,962
963,915,914
963,914,913
963,913,842
963,842,843
963,843,912
963,912,962
963,962,964
965,917,916
965,916,915
965,915,963
965,963,966
967,919,918
967,918,917
967,917,965
967,965,968
920,919,967
920,967,969
920,969,921
922,921,969
922,969,970
922,970,971
922,971,972
922,972,923
925,924,923
925,923,972
925,972,973
925,973,974
864,926,925
864,925,974
864,974,927
864,927,867
864,867,865
928,975,976
928,976,977
928,977,930
928,930,929
930,977,932
930,932,931
933,978,936
933,936,935
933,935,934
937,979,980
937,980,939
937,939,938
980,981,982
980,982,941
980,941,940
980,940,939
880,941,982
880,982,943
880,943,942
880,942,881
983,984,985
983,985,944
983,944,886
983,886,888
983,888,943
983,943,982
983,982,981
983,981,986
985,948,946
985,946,945
985,945,944
987,988,989
987,989,990
987,990,991
987,991,953
987,953,951
987,951,952
987,952,949
987,949,947
987,947,948
987,948,985
987,985,984
987,984,992
952,898,823
952,823,826
952,826,950
952,950,949
991,993,954
991,954,953
994,993,991
994,991,990
994,990,995
959,957,955
959,955,954
959,954,993
959,993,994
996,960,959
996,959,994
996,994,995
996,995,997
996,997,998
964,962,961
964,961,958
964,958,960
964,960,996
964,996,999
964,999,1000
1001,966,963
1001,963,964
1001,964,1000
1001,1000,1002
1003,968,965
1003,965,966
1003,966,1001
970,969,967
970,967,968
970,968,1003
973,972,971
973,971,1004
973,1004,1005
927,974,973
927,973,1005
927,1005,975
927,975,928
932,977,976
932,976,1006
932,1006,1007
932,1007,978
932,978,933
1007,1008,1009
1007,1009,1010
1007,1010,1011
1007,1011,983
1007,983,986
1007,986,979
1007,979,937
1007,937,936
1007,936,978
986,981,980
986,980,979
1011,992,984
1011,984,983
1010,1012,1013
1010,1013,987
1010,987,992
1010,992,1011
1013,1014,988
1013,988,987
995,990,989
995,989,1015
995,1015,1016
995,1016,997
1016,1015,1017
998,997,1016
998,1016,1017
998,1017,1018
1002,1000,999
1002,999,1019
1006,1004,971
1006,971,970
1006,970,1003
1006,1003,1001
1006,1001,1002
1006,1002,1019
1006,1019,1008
1006,1008,1007
1005,1004,1006
1005,1006,976
1005,976,975
1009,1020,1012
1009,1012,1010
1021,1014,1013
1021,1013,1012
1021,1012,1020
1018,1017,1015
1018,1015,989
1018,989,988
1018,988,1014
1018,1014,1021
1019,999,996
1019,996,998
1019,998,1018
1019,1018,1021
1019,1021,1020
1019,1020,1009
1019,1009,1008
405,521,526
405,526,407
405,407,406
